0.000 16.8448 2.3536 2.3536 0
0.500 16.8448 8.776768 8.369056 203856
1.000 16.8448 13.991168 13.73344 332720
1.500 16.8448 14.382368 14.375008 336400
2.000 16.8448 12.99616 13.359328 154816
2.500 16.8448 14.160768 13.5144 478000
3.000 16.8448 11.748896 12.22352 240688
3.500 16.8448 13.051424 13.208896 161952
4.000 16.8448 13.767424 13.71904 186144
4.500 16.8448 11.919696 11.998304 146840
5.000 4.8128 4.65768 4.727152 112104
5.500 4.8128 3.911168 4.088608 23384
6.000 4.8128 3.325296 3.144672 113696
6.500 4.8128 3.195392 3.127056 147864
7.000 4.8128 2.270448 2.385344 90416
7.500 4.8128 2.483552 2.541552 61416
8.000 4.8128 2.608432 2.639232 46016
8.500 4.8128 2.943072 2.77592 129592
9.000 4.8128 2.394176 2.411088 121136
9.500 4.8128 2.48136 2.696624 13504
10.000 13.2352 4.514592 4.278512 131544
10.500 13.2352 9.270128 9.069472 231872
11.000 13.2352 9.735376 9.826432 186344
11.500 13.2352 12.257888 12.2444 193088
12.000 13.2352 13.19824 13.247056 168680
12.500 13.2352 13.087056 12.793328 315544
13.000 13.2352 12.551792 12.539344 321768
13.500 13.2352 12.559552 12.556192 323448
14.000 13.2352 13.209808 13.20568 325512
14.500 13.2352 13.237552 13.219008 334784
15.000 19.2512 14.494 14.77144 196064
15.500 19.2512 12.689984 13.059824 11144
16.000 19.2512 11.727616 11.749904 0
16.500 19.2512 13.265856 12.118176 573840
17.000 19.2512 12.294272 12.930816 255568
17.500 19.2512 11.661376 11.881472 145520
18.000 19.2512 11.675328 11.966368 0
18.500 19.2512 12.265472 12.265472 0
19.000 19.2512 14.00648 13.994288 6096
19.500 19.2512 14.81112 14.43376 194776
20.000 6.016 5.880608 5.931024 169568
20.500 6.016 5.874208 5.864432 174456
21.000 6.016 5.998032 6.028144 159400
21.500 6.016 6.025952 6.025344 159704
22.000 6.016 5.764704 6.002576 40768
22.500 6.016 4.686144 4.603872 81904
23.000 6.016 3.754048 3.704736 106560
23.500 6.016 3.31888 3.532 0
24.000 6.016 3.195648 3.19456 544
24.500 6.016 3.739712 3.579264 80768
25.000 12.032 6.019648 5.739296 220944
25.500 12.032 8.607296 8.674784 187200
26.000 12.032 10.043616 9.852256 282880
26.500 12.032 11.488416 11.313696 370240
27.000 12.032 12.02416 12.04224 361200
27.500 12.032 11.714976 11.980832 228272
28.000 12.032 11.846624 11.824448 239360
28.500 12.032 12.028256 12.029312 238832
29.000 12.032 12.058656 12.037312 249504
29.500 12.032 12.006848 12.0208 242528
30.000 18.048 13.894784 13.80912 285360
30.500 18.048 12.886816 12.727488 365024
31.000 18.048 13.111616 13.38512 228272
31.500 18.048 14.041056 14.088384 204608
32.000 18.048 12.06608 12.208992 133152
32.500 18.048 12.844704 12.438528 336240
33.000 18.048 13.500192 13.8208 175936
33.500 18.048 14.379776 14.548768 91440
34.000 18.048 14.604512 14.45264 167376
34.500 18.048 14.218176 14.552928 0
35.000 12.032 12.255328 11.775424 239952
35.500 12.032 11.968256 12.037408 205376
36.000 12.032 12.077664 12.028064 230176
36.500 12.032 12.065376 12.040416 242656
37.000 12.032 11.927488 11.833856 289472
37.500 12.032 11.750688 11.597952 365840
38.000 12.032 11.937248 11.912256 378336
38.500 12.032 11.86288 11.985824 316864
39.000 12.032 11.79424 11.923008 252480
39.500 12.032 11.980544 12.011072 237216
40.000 9.6256 9.678272 9.646208 253248
40.500 9.6256 9.591072 9.622656 237456
41.000 9.6256 9.086976 9.194144 183872
41.500 9.6256 9.468224 9.194528 320720
42.000 9.6256 9.17984 9.427168 197056
42.500 9.6256 9.587392 9.496256 242624
43.000 9.6256 9.660032 9.629024 258128
43.500 9.6256 9.614048 9.615456 257424
44.000 9.6256 9.339776 9.55696 148832
44.500 9.6256 9.753152 9.629312 210752
45.000 19.2512 14.035744 13.992288 232480
45.500 19.2512 14.225376 14.670944 9696
46.000 19.2512 14.30576 14.325152 0
46.500 19.2512 14.724128 14.397824 163152
47.000 19.2512 13.462656 13.440512 174224
47.500 19.2512 13.64608 13.375584 309472
48.000 19.2512 13.394816 13.46976 272000
48.500 19.2512 13.622048 13.790304 187872
49.000 19.2512 14.775328 14.370336 390368
49.500 19.2512 14.743136 14.741632 391120
50.000 14.4384 12.72848 13.456192 27264
50.500 14.4384 12.524544 12.571456 3808
51.000 14.4384 12.450336 12.451504 3224
51.500 14.4384 11.679616 11.468944 108560
52.000 14.4384 12.745888 12.709824 126592
52.500 14.4384 13.747648 13.747744 126544
53.000 14.4384 14.044384 13.992256 152608
53.500 14.4384 12.669248 12.707968 133248
54.000 14.4384 13.696064 13.62912 166720
54.500 14.4384 13.236992 13.570432 0
55.000 2.4064 2.1872 2.1872 0
55.500 2.4064 0.985376 0.985376 0
56.000 2.4064 1.06816 0.922464 72848
56.500 2.4064 0.964416 0.988192 60960
57.000 2.4064 0.794752 0.821952 47360
57.500 2.4064 0.752096 0.846816 0
58.000 2.4064 0.935936 0.935936 0
58.500 2.4064 0.921152 0.921152 0
59.000 2.4064 1.062944 0.920064 71440
59.500 2.4064 0.904896 1.037376 5200
60.000 14.4384 2.485504 2.495904 0
60.500 14.4384 7.223424 6.978048 122688
61.000 14.4384 11.443168 11.401344 143600
61.500 14.4384 13.945664 13.89552 168672
62.000 14.4384 13.578368 13.603456 156128
62.500 14.4384 13.856544 13.898368 135216
63.000 14.4384 13.968 13.969952 134240
63.500 14.4384 13.988544 13.967232 144896
64.000 14.4384 12.82496 12.828896 142928
64.500 14.4384 12.712192 12.56944 214304
65.000 13.2352 13.124864 12.890688 331392
65.500 13.2352 12.990304 13.094976 279056
66.000 13.2352 11.64704 11.876576 164288
66.500 13.2352 11.427584 11.48336 136400
67.000 13.2352 12.680416 12.572672 190272
67.500 13.2352 13.245408 13.234208 195872
68.000 13.2352 13.200224 13.245504 173232
68.500 13.2352 13.267936 13.225728 194336
69.000 13.2352 13.152 13.224288 158192
69.500 13.2352 13.318976 13.241728 196816
70.000 18.048 14.45504 14.518976 164848
70.500 18.048 14.373728 14.256704 223360
71.000 18.048 12.398528 12.297472 273888
71.500 18.048 12.979616 12.806016 360688
72.000 18.048 14.389376 14.529472 290640
72.500 18.048 13.82392 13.71176 346720
73.000 18.048 13.228512 13.299776 311088
73.500 18.048 12.537216 12.849536 154928
74.000 18.048 12.163488 12.473344 0
74.500 18.048 14.329856 14.2448 42528
75.000 12.032 12.278128 11.86984 246672
75.500 12.032 12.117728 11.878304 366384
76.000 12.032 11.531616 11.904352 180016
76.500 12.032 12.003488 11.895872 233824
77.000 12.032 11.928416 12.04096 177552
77.500 12.032 12.169632 12.018272 253232
78.000 12.032 12.005088 12.035552 238000
78.500 12.032 11.801696 11.850784 213456
79.000 12.032 11.9216 11.787424 280544
79.500 12.032 11.74816 11.941888 183680
80.000 18.048 14.446112 14.199648 306912
80.500 18.048 13.138976 13.7528 0
81.000 18.048 13.027888 12.739424 144232
81.500 18.048 13.86952 14.040736 58624
82.000 18.048 14.257312 14.37456 0
82.500 18.048 14.470448 14.1584 156024
83.000 18.048 14.653328 14.619184 173096
83.500 18.048 14.394144 14.539856 100240
84.000 18.048 12.522624 12.723104 0
84.500 18.048 12.904016 12.589104 157456
85.000 18.048 13.190576 13.484144 10672
85.500 18.048 13.868528 12.931504 479184
86.000 18.048 13.276832 13.925472 154864
86.500 18.048 13.098112 12.989792 209024
87.000 18.048 14.093536 13.846304 332640
87.500 18.048 14.206016 14.469824 200736
88.000 18.048 13.501904 13.180992 361192
88.500 18.048 13.813712 13.789568 373264
89.000 18.048 13.789792 14.328576 103872
89.500 18.048 14.16336 13.649632 360736
90.000 6.016 5.416608 5.98096 78560
90.500 6.016 5.253696 5.189632 110592
91.000 6.016 5.460576 5.566016 57872
91.500 6.016 5.524064 5.564928 37440
92.000 6.016 5.210144 4.952288 166368
92.500 6.016 5.107872 5.198016 121296
93.000 6.016 5.878656 5.756096 182576
93.500 6.016 5.734176 5.889536 104896
94.000 6.016 5.079424 5.289216 0
94.500 6.016 4.39152 4.390432 544
95.000 2.4064 1.589088 1.590176 0
95.500 2.4064 1.155328 1.012448 71440
96.000 2.4064 0.920064 1.016096 23424
96.500 2.4064 1.028768 1.075616 0
97.000 2.4064 0.855808 0.855808 0
97.500 2.4064 0.830272 0.829184 544
98.000 2.4064 1.015072 0.897792 59184
98.500 2.4064 1.057824 1.176192 0
99.000 2.4064 0.948032 0.948032 0
99.500 2.4064 1.010912 0.915776 47568
100.000 16.8448 7.327488 6.960672 230976
100.500 16.8448 13.934016 13.813056 291456
101.000 16.8448 14.16528 14.036256 355968
101.500 16.8448 14.369888 14.08144 500192
102.000 16.8448 11.389776 11.976976 206592
102.500 16.8448 12.4856 12.224032 337376
103.000 16.8448 13.366368 13.676192 182464
103.500 16.8448 14.31072 14.342048 166800
104.000 16.8448 14.391936 14.427456 149040
104.500 16.8448 14.075808 14.373888 0
105.000 6.016 6.125696 5.888128 118784
105.500 6.016 5.6576 5.749504 72832
106.000 6.016 5.472704 5.411008 103680
106.500 6.016 4.834112 4.829408 106032
107.000 6.016 4.640032 4.606528 122784
107.500 6.016 4.650976 4.500608 197968
108.000 6.016 3.755616 4.092416 29568
108.500 6.016 3.719776 3.697408 40752
109.000 6.016 3.222848 3.098624 102864
109.500 6.016 3.284192 3.48992 0
110.000 7.2192 4.533888 4.533888 0
110.500 7.2192 6.414976 6.225376 94800
111.000 7.2192 6.19056 6.291392 44384
111.500 7.2192 6.873344 6.520512 220800
112.000 7.2192 7.031072 7.076992 197840
112.500 7.2192 7.276256 7.209568 231184
113.000 7.2192 7.19824 7.215872 222368
113.500 7.2192 6.889408 7.163552 85296
114.000 7.2192 6.965024 6.979008 78304
114.500 7.2192 5.81952 5.797568 89280
115.000 9.6256 6.43648 6.343712 135664
115.500 9.6256 9.320448 9.207968 191904
116.000 9.6256 9.670432 9.6136 220320
116.500 9.6256 9.64544 9.642624 221728
117.000 9.6256 9.466752 9.628704 140752
117.500 9.6256 9.796416 9.616064 230928
118.000 9.6256 9.633728 9.623072 236256
118.500 9.6256 9.585984 9.6248 216848
119.000 9.6256 9.506496 9.627168 156512
119.500 9.6256 9.746368 9.6208 219296
120.000 12.032 10.574848 10.437984 287728
120.500 12.032 11.35264 11.265696 331200
121.000 12.032 11.568704 11.9632 133952
121.500 12.032 11.882976 11.91536 117760
122.000 12.032 11.778848 11.716512 148928
122.500 12.032 12.126464 12.014848 204736
123.000 12.032 12.085696 12.043104 226032
123.500 12.032 11.94768 12.033728 183008
124.000 12.032 12.08384 12.024192 212832
124.500 12.032 12.011968 11.934112 251760
125.000 7.2192 6.924352 7.102208 162832
125.500 7.2192 6.845088 6.738368 216192
126.000 7.2192 6.2704 6.432832 134976
126.500 7.2192 5.572 5.533184 154384
127.000 7.2192 5.208864 5.201344 158144
127.500 7.2192 5.955136 5.916096 177664
128.000 7.2192 5.912128 6.186624 40416
128.500 7.2192 6.329088 6.198368 105776
129.000 7.2192 4.506528 4.71808 0
129.500 7.2192 5.166432 5.111392 27520
130.000 16.8448 5.419936 5.474976 0
130.500 16.8448 10.692224 10.692224 0
131.000 16.8448 14.23344 13.96832 132560
131.500 16.8448 14.386592 14.3096 171056
132.000 16.8448 13.35152 13.380128 156752
132.500 16.8448 12.219392 12.217856 157520
133.000 16.8448 12.67984 12.355872 319504
133.500 16.8448 13.668768 13.984704 161536
134.000 16.8448 14.350144 14.037248 317984
134.500 16.8448 12.665152 13.033216 133952
135.000 12.032 12.18576 11.943424 255120
135.500 12.032 11.941632 11.996128 227872
136.000 12.032 11.584832 11.411264 314656
136.500 12.032 11.512992 11.627008 257648
137.000 12.032 11.993792 11.820736 344176
137.500 12.032 11.830464 11.833696 342560
138.000 12.032 11.988256 11.987552 342912
138.500 12.032 12.042368 12.030048 349072
139.000 12.032 11.969728 12.03632 315776
139.500 12.032 12.092096 12.0344 344624
140.000 1.2032 1.543328 1.193408 519584
140.500 1.2032 0.123104 1.11456 23856
141.000 1.2032 0.447616 0.495328 0
141.500 1.2032 0.581856 0.56304 9408
142.000 1.2032 0.673504 0.69232 0
142.500 1.2032 0.671744 0.626816 22464
143.000 1.2032 0.585344 0.556512 36880
143.500 1.2032 0.670112 0.676352 33760
144.000 1.2032 0.515424 0.581856 544
144.500 1.2032 0.442496 0.443584 0
145.000 14.4384 4.247008 3.446944 400032
145.500 14.4384 9.914976 10.120704 297168
146.000 14.4384 13.821024 13.853536 280912
146.500 14.4384 13.939072 13.93776 281568
147.000 14.4384 13.96784 13.938976 296000
147.500 14.4384 11.93392 12.295872 115024
148.000 14.4384 12.492768 12.1752 273808
148.500 14.4384 13.66144 13.926528 141264
149.000 14.4384 13.949536 13.954304 138880
149.500 14.4384 13.423264 13.021312 339856
150.000 15.6416 12.223552 12.322592 290336
150.500 15.6416 13.073088 13.249536 202112
151.000 15.6416 14.16704 13.9384 316432
151.500 15.6416 14.009536 14.013952 314224
152.000 15.6416 12.854912 13.122848 180256
152.500 15.6416 12.061024 12.057344 182096
153.000 15.6416 12.989696 13.272896 40496
153.500 15.6416 14.211552 14.026336 133104
154.000 15.6416 14.236 14.16992 166144
154.500 15.6416 14.178304 14.182208 164192
155.000 12.032 11.946432 11.792512 241152
155.500 12.032 12.205472 11.9896 349088
156.000 12.032 12.040352 11.995392 371568
156.500 12.032 11.764416 11.820192 343680
157.000 12.032 12.053312 12.034496 353088
157.500 12.032 12.061696 12.019776 374048
158.000 12.032 12.004896 12.036448 358272
158.500 12.032 12.050048 12.023072 371760
159.000 12.032 12.030176 12.035072 369312
159.500 12.032 11.49264 11.992864 119200
160.000 6.016 5.657696 5.86464 15728
160.500 6.016 5.34416 5.180832 97392
161.000 6.016 4.698656 4.868128 12656
161.500 6.016 4.35792 4.331584 25824
162.000 6.016 4.504768 4.462848 46784
162.500 6.016 5.278016 5.068256 151664
163.000 6.016 5.744 5.913248 67040
163.500 6.016 5.147296 5.06592 107728
164.000 6.016 3.239136 3.238784 107904
164.500 6.016 3.925248 3.8896 125728
165.000 15.6416 7.032704 6.605824 339168
165.500 15.6416 10.605504 10.345056 469392
166.000 15.6416 11.91728 11.89184 482112
166.500 15.6416 12.894912 13.492192 183472
167.000 15.6416 13.889216 13.782336 236912
167.500 15.6416 14.191232 14.082944 291056
168.000 15.6416 14.229024 14.18208 314528
168.500 15.6416 13.844096 13.795712 338720
169.000 15.6416 13.059072 13.489312 123600
169.500 15.6416 12.217408 12.464608 0
170.000 12.032 11.969056 11.498144 235456
170.500 12.032 12.060352 12.035744 247760
171.000 12.032 11.925696 12.025376 197920
171.500 12.032 12.154304 12.043808 253168
172.000 12.032 12.03312 12.030432 254512
172.500 12.032 11.902528 12.032768 189392
173.000 12.032 12.038912 11.888192 264752
173.500 12.032 12.046752 12.012 282128
174.000 12.032 12.012832 11.867872 354608
174.500 12.032 11.564608 11.862176 205824
175.000 8.4224 8.598336 8.441792 284096
175.500 8.4224 8.283584 8.3232 264288
176.000 8.4224 8.384576 8.418464 247344
176.500 8.4224 8.458912 8.429056 262272
177.000 8.4224 8.420064 8.425632 259488
177.500 8.4224 7.989248 8.255488 126368
178.000 8.4224 8.125824 8.143616 117472
178.500 8.4224 8.570304 8.43904 183104
179.000 8.4224 8.393728 8.417888 171024
179.500 8.4224 8.452448 8.424224 185136
180.000 6.016 5.866784 6.00144 117808
180.500 6.016 5.970688 6.000288 103008
181.000 6.016 5.575104 5.5512 114960
181.500 6.016 5.231584 5.181152 140176
182.000 6.016 4.170112 4.155552 147456
182.500 6.016 3.620384 3.78512 65088
183.000 6.016 3.771136 3.834816 33248
183.500 6.016 4.498368 4.564864 0
184.000 6.016 3.18384 3.18384 0
184.500 6.016 3.33568 3.334592 544
185.000 6.016 3.543296 3.34704 98672
185.500 6.016 3.481728 3.487072 96000
186.000 6.016 3.312512 3.504512 0
186.500 6.016 3.638784 3.637696 544
187.000 6.016 3.878144 3.727648 75792
187.500 6.016 4.43536 4.413088 86928
188.000 6.016 4.924448 4.95072 73792
188.500 6.016 4.593056 4.3768 181920
189.000 6.016 3.384096 3.69584 26048
189.500 6.016 3.001216 2.688992 182160
190.000 7.2192 3.191456 3.50464 25568
190.500 7.2192 4.194848 4.06304 91472
191.000 7.2192 4.685088 4.69024 88896
191.500 7.2192 5.689152 5.634912 116016
192.000 7.2192 7.126656 7.071296 143696
192.500 7.2192 7.236096 7.217152 153168
193.000 7.2192 7.187776 7.221792 136160
193.500 7.2192 7.186784 7.075648 191728
194.000 7.2192 7.23264 7.216864 199616
194.500 7.2192 7.2296 7.210624 209104
195.000 8.4224 8.50224 8.402144 259152
195.500 8.4224 8.449312 8.426816 270400
196.000 8.4224 8.00496 8.37968 83040
196.500 8.4224 8.21504 8.21664 82240
197.000 8.4224 8.088384 8.097472 77696
197.500 8.4224 8.62384 8.386336 196448
198.000 8.4224 8.385536 8.432544 172944
198.500 8.4224 8.480576 8.329088 248688
199.000 8.4224 8.042432 8.17136 184224
199.500 8.4224 8.534912 8.409632 246864
200.000 18.048 13.435008 13.416704 256016
200.500 18.048 14.273024 14.408768 188144
201.000 18.048 14.5832 14.276768 341360
201.500 18.048 14.547008 14.530112 349808
202.000 18.048 12.637792 13.337408 0
202.500 18.048 13.137888 12.68624 225824
203.000 18.048 13.858848 14.175776 67360
203.500 18.048 14.085504 14.220224 0
204.000 18.048 14.532944 14.158336 187304
204.500 18.048 14.504816 14.43128 224072
205.000 16.8448 13.828672 13.376656 450080
205.500 16.8448 13.544464 13.961056 241784
206.000 16.8448 14.200256 13.975616 354104
206.500 16.8448 14.347664 14.330096 362888
207.000 16.8448 14.38176 14.397072 355232
207.500 16.8448 14.011872 14.336128 193104
208.000 16.8448 13.379264 13.736832 14320
208.500 16.8448 12.482208 12.000288 255280
209.000 16.8448 12.122528 12.324128 154480
209.500 16.8448 12.481824 12.786272 2256
210.000 2.4064 2.2976 2.27456 13776
210.500 2.4064 1.278752 1.160864 72720
211.000 2.4064 0.953216 1.033056 32800
211.500 2.4064 0.920064 0.985664 0
212.000 2.4064 0.921152 0.921152 0
212.500 2.4064 0.920064 0.920064 0
213.000 2.4064 0.999488 0.999488 0
213.500 2.4064 0.996576 0.882176 57200
214.000 2.4064 0.991744 1.040224 32960
214.500 2.4064 0.971712 1.037632 0
215.000 7.2192 1.603712 1.446048 78832
215.500 7.2192 4.222656 4.217408 81456
216.000 7.2192 4.97344 5.061344 37504
216.500 7.2192 5.265152 5.287328 26416
217.000 7.2192 4.480288 4.456384 38368
217.500 7.2192 5.14672 4.977056 123200
218.000 7.2192 6.602368 6.62 114384
218.500 7.2192 7.296 7.220256 152256
219.000 7.2192 7.21152 7.230976 142528
219.500 7.2192 7.208416 7.208384 142544
220.000 7.2192 7.208352 7.235232 129104
220.500 7.2192 7.068736 7.204416 61264
221.000 7.2192 7.347488 7.182272 143872
221.500 7.2192 7.238752 7.21888 153808
222.000 7.2192 7.200512 7.22528 141424
222.500 7.2192 7.10752 7.081376 154496
223.000 7.2192 6.510912 6.557568 131168
223.500 7.2192 5.565472 5.505696 161056
224.000 7.2192 5.782048 5.797472 153344
224.500 7.2192 6.899264 6.829856 188048
225.000 14.4384 10.837408 10.500064 356720
225.500 14.4384 12.998016 13.432224 139616
226.000 14.4384 12.028512 12.307744 0
226.500 14.4384 11.661152 11.312832 174160
227.000 14.4384 11.549408 11.51152 193104
227.500 14.4384 12.241888 12.481856 73120
228.000 14.4384 13.158048 13.117824 93232
228.500 14.4384 13.988256 13.898368 138176
229.000 14.4384 13.92768 13.950592 126720
229.500 14.4384 14.019744 13.995136 139024
230.000 9.6256 9.801376 9.62064 229392
230.500 9.6256 9.589408 9.627488 210352
231.000 9.6256 9.383616 9.489664 157328
231.500 9.6256 9.591872 9.467296 219616
232.000 9.6256 9.795072 9.615936 309184
232.500 9.6256 9.652608 9.632768 319104
233.000 9.6256 9.61168 9.631936 308976
233.500 9.6256 9.631232 9.631712 308736
234.000 9.6256 9.657152 9.607776 333424
234.500 9.6256 9.256288 9.630432 146352
235.000 19.2512 10.912416 10.636448 284336
235.500 19.2512 12.002208 12.468864 51008
236.000 19.2512 12.854432 12.74848 103984
236.500 19.2512 14.797712 14.604576 200552
237.000 19.2512 14.61784 14.724848 147048
237.500 19.2512 14.40912 14.703216 0
238.000 19.2512 14.538272 14.419968 59152
238.500 19.2512 14.72712 14.416608 214408
239.000 19.2512 14.309248 13.959648 389208
239.500 19.2512 13.085456 13.463376 200248
240.000 18.048 14.231104 14.289968 170816
240.500 18.048 13.69728 14.038912 0
241.000 18.048 12.1792 11.775968 201616
241.500 18.048 12.260384 12.326784 168416
242.000 18.048 13.816 13.926848 112992
242.500 18.048 14.555552 14.53456 123488
243.000 18.048 14.244608 14.491584 0
243.500 18.048 13.33648 13.119616 108432
244.000 18.048 13.15544 12.315616 528344
244.500 18.048 13.228336 13.66776 308632
245.000 1.2032 1.289296 1.180944 362808
245.500 1.2032 0.246144 0.97176 0
246.000 1.2032 0.56656 0.565472 544
246.500 1.2032 0.42688 0.427968 0
247.000 1.2032 0.561504 0.561504 0
247.500 1.2032 0.446304 0.446304 0
248.000 1.2032 0.760864 0.69232 34272
248.500 1.2032 0.6288 0.625632 35856
249.000 1.2032 0.55488 0.560704 32944
249.500 1.2032 0.374944 0.440832 0
250.000 10.8288 1.123904 1.123904 0
250.500 10.8288 5.697248 5.507104 95072
251.000 10.8288 8.691776 8.530912 175504
251.500 10.8288 10.484576 10.382944 226320
252.000 10.8288 10.889056 10.827744 256976
252.500 10.8288 10.823008 10.825472 255744
253.000 10.8288 10.58864 10.569408 265360
253.500 10.8288 10.73024 10.539808 360576
254.000 10.8288 10.703552 10.807552 308576
254.500 10.8288 10.42704 10.760448 141872
255.000 12.032 11.693824 11.567968 204800
255.500 12.032 12.107776 12.015072 251152
256.000 12.032 11.928544 12.043584 193632
256.500 12.032 12.140928 12.024768 251712
257.000 12.032 11.789216 11.846816 222912
257.500 12.032 12.067776 11.903392 305104
258.000 12.032 11.497216 11.850368 128528
258.500 12.032 11.887968 11.87232 136352
259.000 12.032 11.648832 11.622976 149280
259.500 12.032 11.858016 11.859072 148752
260.000 18.048 12.277184 12.27232 151184
260.500 18.048 14.518832 14.464608 178296
261.000 18.048 14.484496 14.663696 88696
261.500 18.048 14.08112 14.258512 0
262.000 18.048 14.559104 14.158432 200336
262.500 18.048 14.475952 14.460288 208168
263.000 18.048 14.352656 14.583632 92680
263.500 18.048 14.152512 14.337872 0
264.000 18.048 13.8056 13.116896 344352
264.500 18.048 11.779728 12.440768 13832
265.000 18.048 12.088944 12.078688 18960
265.500 18.048 13.992592 13.072704 478904
266.000 18.048 13.234208 13.43328 379368
266.500 18.048 13.192624 12.866592 542384
267.000 18.048 13.42688 14.113856 198896
267.500 18.048 14.537904 14.1776 379048
268.000 18.048 14.051264 14.499728 154816
268.500 18.048 12.17672 12.486352 0
269.000 18.048 11.774448 11.519664 127392
269.500 18.048 12.342912 12.199616 199040
270.000 18.048 13.627584 13.621952 201856
270.500 18.048 13.744 13.803968 171872
271.000 18.048 14.363936 14.608096 49792
271.500 18.048 14.622448 14.356064 182984
272.000 18.048 14.309392 14.62872 23320
272.500 18.048 14.601152 13.896688 375552
273.000 18.048 12.282624 12.291616 371056
273.500 18.048 14.08416 14.494208 166032
274.000 18.048 13.87416 13.443936 381144
274.500 18.048 14.469808 14.498768 366664
275.000 19.2512 12.8512 13.584528 0
275.500 19.2512 12.515168 12.245344 134912
276.000 19.2512 12.069376 11.96368 187760
276.500 19.2512 12.489568 12.482752 191168
277.000 19.2512 12.231296 12.368608 122512
277.500 19.2512 12.084672 12.329696 0
278.000 19.2512 14.66832 14.35184 158240
278.500 19.2512 14.844544 14.724128 218448
279.000 19.2512 13.980096 14.399616 8688
279.500 19.2512 14.257664 14.263936 5552
280.000 7.2192 7.380992 7.035712 178192
280.500 7.2192 6.741312 6.909824 93936
281.000 7.2192 6.432704 6.504288 58144
281.500 7.2192 6.700736 6.531552 142736
282.000 7.2192 7.30112 7.20144 192576
282.500 7.2192 7.225888 7.208416 201312
283.000 7.2192 6.222496 6.62512 0
283.500 7.2192 5.982208 5.936608 22800
284.000 7.2192 7.193408 6.970176 134416
284.500 7.2192 7.207648 7.197696 139392
285.000 12.032 8.476512 8.642944 56176
285.500 12.032 12.154944 11.564224 351536
286.000 12.032 11.9456 11.959968 344352
286.500 12.032 12.058784 12.017824 364832
287.000 12.032 12.038688 12.035104 366624
287.500 12.032 11.369696 11.84144 130752
288.000 12.032 11.444512 11.557344 74336
288.500 12.032 11.573824 11.460928 130784
289.000 12.032 11.606752 11.528352 169984
289.500 12.032 12.069856 11.936992 236416
290.000 18.048 14.09104 14.464864 49504
290.500 18.048 14.604288 14.326624 188336
291.000 18.048 14.344 14.50752 106576
291.500 18.048 14.5744 14.512576 137488
292.000 18.048 13.64 13.516224 199376
292.500 18.048 12.776736 12.456352 359568
293.000 18.048 13.20288 13.163584 379216
293.500 18.048 13.663264 14.103088 159304
294.000 18.048 12.100512 11.933552 242784
294.500 18.048 12.290272 12.351296 212272
295.000 18.048 14.048896 14.201264 136088
295.500 18.048 14.245376 14.50536 6096
296.000 18.048 13.665408 13.20848 234560
296.500 18.048 12.185168 12.356432 148928
297.000 18.048 14.298416 13.786432 404920
297.500 18.048 14.353808 14.368528 397560
298.000 18.048 13.67392 14.14288 163080
298.500 18.048 13.095936 13.25992 81088
299.000 18.048 14.199456 14.361632 0
299.500 18.048 13.747568 13.469472 139048
300.000 18.048 11.937408 11.781184 217160
300.500 18.048 13.99712 13.732064 349688
301.000 18.048 14.342544 14.487696 277112
301.500 18.048 12.738304 12.947888 172320
302.000 18.048 12.825152 12.74608 211856
302.500 18.048 13.974016 14.397728 0
303.000 18.048 14.590624 14.20016 195232
303.500 18.048 14.05248 14.062208 190368
304.000 18.048 12.90208 12.772048 255384
304.500 18.048 13.703744 13.850736 181888
305.000 14.4384 12.790272 12.97072 91664
305.500 14.4384 12.42928 12.298816 156896
306.000 14.4384 13.465952 13.50928 135232
306.500 14.4384 13.929984 13.695168 252640
307.000 14.4384 11.903488 12.021152 193808
307.500 14.4384 11.922624 11.971264 169488
308.000 14.4384 12.29392 11.92272 355088
308.500 14.4384 12.81664 12.953728 286544
309.000 14.4384 13.881696 13.911872 271456
309.500 14.4384 12.844928 13.04688 170480
310.000 7.2192 7.091104 7.207712 112176
310.500 7.2192 7.181696 7.213952 96048
311.000 7.2192 7.316064 7.225632 141264
311.500 7.2192 7.138688 7.219712 100752
312.000 7.2192 7.310944 7.223328 144560
312.500 7.2192 6.493632 6.4712 155776
313.000 7.2192 6.803744 6.639136 238080
313.500 7.2192 5.881248 6.153088 102160
314.000 7.2192 5.669216 5.565344 154096
314.500 7.2192 6.774336 6.559072 261728
315.000 16.8448 12.365568 12.213472 337776
315.500 16.8448 13.54112 13.905184 155744
316.000 16.8448 12.174656 12.08864 198752
316.500 16.8448 12.265344 12.493664 84592
317.000 16.8448 14.385376 14.19536 179600
317.500 16.8448 14.3008 14.421824 119088
318.000 16.8448 13.478208 13.012448 351968
318.500 16.8448 11.954528 12.059328 299568
319.000 16.8448 12.927072 13.3288 98704
319.500 16.8448 13.295552 13.49296 0
320.000 7.2192 7.210176 7.040656 84760
320.500 7.2192 6.949632 6.874896 122128
321.000 7.2192 7.166816 7.111072 150000
321.500 7.2192 7.01456 7.147168 83696
322.000 7.2192 7.057888 6.852384 186448
322.500 7.2192 6.728224 6.671328 214896
323.000 7.2192 5.601632 5.877088 77168
323.500 7.2192 6.27504 6.24416 92608
324.000 7.2192 5.73424 5.919456 0
324.500 7.2192 5.914272 5.851712 31280
325.000 13.2352 8.340416 8.402976 0
325.500 13.2352 12.312288 11.937792 187248
326.000 13.2352 13.012704 13.02208 182560
326.500 13.2352 12.321216 12.055776 315280
327.000 13.2352 12.604128 12.604864 314912
327.500 13.2352 13.252 13.226016 327904
328.000 13.2352 11.631488 11.954912 166192
328.500 13.2352 11.617792 11.84096 54608
329.000 13.2352 11.775872 11.49296 196064
329.500 13.2352 12.08944 11.97168 254944
330.000 12.032 11.9352 11.949184 247952
330.500 12.032 12.019712 12.03904 238288
331.000 12.032 12.093984 11.848032 361264
331.500 12.032 12.057312 12.053088 363376
332.000 12.032 12.043168 12.017536 376192
332.500 12.032 11.395872 11.905152 121552
333.000 12.032 12.07968 12.02688 147952
333.500 12.032 12.004288 12.030816 134688
334.000 12.032 12.157856 12.012288 207472
334.500 12.032 12.091456 12.048128 229136
335.000 2.4064 1.78464 2.242912 0
335.500 2.4064 1.112128 1.112128 0
336.000 2.4064 1.010592 1.010592 0
336.500 2.4064 1.092064 1.090976 544
337.000 2.4064 0.920192 0.920192 544
337.500 2.4064 1.208448 1.20384 2848
338.000 2.4064 0.907616 0.913312 0
338.500 2.4064 1.096608 0.9376 79504
339.000 2.4064 0.855104 1.014112 0
339.500 2.4064 1.083616 1.083616 0
340.000 19.2512 3.433696 3.264192 84752
340.500 19.2512 12.866976 12.825088 105696
341.000 19.2512 13.878944 14.090336 0
341.500 19.2512 11.907456 11.907456 0
342.000 19.2512 13.438432 13.087104 175664
342.500 19.2512 14.63552 14.782016 102416
343.000 19.2512 14.413312 14.618144 0
343.500 19.2512 14.749696 14.420864 164416
344.000 19.2512 14.818688 14.735712 205904
344.500 19.2512 13.88784 13.825216 237216
345.000 6.016 5.679232 5.95152 101072
345.500 6.016 5.3424 5.027584 258480
346.000 6.016 3.652384 4.070688 49328
346.500 6.016 3.588704 3.360608 163376
347.000 6.016 4.294048 4.340672 140064
347.500 6.016 4.698144 4.611232 183520
348.000 6.016 4.10544 4.354048 59216
348.500 6.016 4.933376 4.755136 148336
349.000 6.016 5.110624 5.260352 73472
349.500 6.016 5.738368 5.716032 84640
350.000 4.8128 4.741536 4.794272 58272
350.500 4.8128 3.354624 3.270176 100496
351.000 4.8128 2.391648 2.52176 35440
351.500 4.8128 1.943296 1.903456 55360
352.000 4.8128 1.837152 1.947872 0
352.500 4.8128 1.536768 1.536768 0
353.000 4.8128 2.139072 2.109152 14960
353.500 4.8128 2.095488 2.125408 0
354.000 4.8128 1.62576 1.62576 0
354.500 4.8128 2.426016 2.424928 544
355.000 15.6416 4.439456 4.440544 0
355.500 15.6416 9.386976 8.913664 236656
356.000 15.6416 10.918016 10.678528 356400
356.500 15.6416 11.6488 11.71216 324720
357.000 15.6416 14.132256 14.163968 308864
357.500 15.6416 14.169152 14.189248 298816
358.000 15.6416 14.100416 14.225376 236336
358.500 15.6416 13.647328 13.446496 336752
359.000 15.6416 13.2536 13.781376 72864
359.500 15.6416 14.211872 14.072256 142672
360.000 18.048 14.58592 14.585728 142768
360.500 18.048 14.425408 14.5392 85872
361.000 18.048 14.175584 14.347328 0
361.500 18.048 14.543872 14.10992 216976
362.000 18.048 12.916928 12.797952 276464
362.500 18.048 12.530944 12.522624 280624
363.000 18.048 12.411232 12.964608 3936
363.500 18.048 14.526128 13.81648 358760
364.000 18.048 14.244304 14.179152 391336
364.500 18.048 14.342944 14.631376 247120
365.000 19.2512 14.49776 14.475328 258336
365.500 19.2512 14.835344 14.555808 398104
366.000 19.2512 13.569216 13.910624 227400
366.500 19.2512 12.063536 12.136896 190720
367.000 19.2512 12.1904 12.513568 29136
367.500 19.2512 11.746592 11.804864 0
368.000 19.2512 12.872896 12.800352 36272
368.500 19.2512 13.773248 13.725232 60280
369.000 19.2512 14.77536 14.51112 192400
369.500 19.2512 14.40752 14.78096 5680
370.000 6.016 6.138272 5.876512 136560
370.500 6.016 5.656864 5.596256 166864
371.000 6.016 5.453152 5.331872 227504
371.500 6.016 5.603968 5.750272 154352
372.000 6.016 5.800064 5.797888 155440
372.500 6.016 4.493376 4.804256 0
373.000 6.016 3.081408 3.038592 21408
373.500 6.016 3.008 3.050816 0
374.000 6.016 3.331552 3.208384 61584
374.500 6.016 3.5064 3.369184 130192
375.000 14.4384 7.467424 6.98608 370864
375.500 14.4384 11.965376 12.364096 171504
376.000 14.4384 12.329664 12.430368 121152
376.500 14.4384 12.011488 11.91184 170976
377.000 14.4384 13.073664 13.140224 137696
377.500 14.4384 13.936256 13.991392 110128
378.000 14.4384 13.958592 13.907584 135632
378.500 14.4384 13.971424 13.991552 125568
379.000 14.4384 13.973024 13.992832 115664
379.500 14.4384 13.942464 13.904608 134592
380.000 3.6096 3.34048 3.527072 41296
380.500 3.6096 2.779008 2.637728 111936
381.000 3.6096 1.802112 1.952672 36656
381.500 3.6096 1.271552 1.275136 34864
382.000 3.6096 1.254816 1.307296 8624
382.500 3.6096 0.975904 0.922592 35280
383.000 3.6096 1.241312 1.261888 24992
383.500 3.6096 1.2088 1.258784 0
384.000 3.6096 1.469344 1.450016 9664
384.500 3.6096 1.853952 1.674656 99312
385.000 7.2192 2.971008 2.925472 122080
385.500 7.2192 4.104704 4.284608 32128
386.000 7.2192 4.493152 4.432096 62656
386.500 7.2192 5.344896 5.36784 51184
387.000 7.2192 6.730752 6.399232 216944
387.500 7.2192 6.946816 7.164192 108256
388.000 7.2192 7.093632 7.14992 80112
388.500 7.2192 7.204384 7.218496 73056
389.000 7.2192 7.347616 7.18656 153584
389.500 7.2192 7.177632 7.19504 144880
390.000 19.2512 11.643072 11.154816 389008
390.500 19.2512 12.379872 12.418176 369856
391.000 19.2512 12.303104 11.94 551408
391.500 19.2512 13.651424 14.289056 232592
392.000 19.2512 12.384096 12.73152 58880
392.500 19.2512 12.492928 12.531968 39360
393.000 19.2512 13.76656 13.752656 46312
393.500 19.2512 14.420864 14.137808 187840
394.000 19.2512 14.572768 14.807168 70640
394.500 19.2512 14.418368 14.543296 8176
395.000 15.6416 13.89248 13.321088 293872
395.500 15.6416 12.947072 12.899744 317536
396.000 15.6416 13.044896 13.057472 311248
396.500 15.6416 13.103392 13.07776 324064
397.000 15.6416 12.78752 13.031968 201840
397.500 15.6416 12.416544 12.473088 173568
398.000 15.6416 12.921568 12.87648 196112
398.500 15.6416 13.866272 13.909856 174320
399.000 15.6416 13.902816 14.132256 59600
399.500 15.6416 14.142208 13.99632 132544
400.000 19.2512 14.63632 14.438016 231696
400.500 19.2512 14.601504 14.7224 171248
401.000 19.2512 13.172736 12.903296 305968
401.500 19.2512 14.451648 14.308256 377664
402.000 19.2512 12.321056 13.056608 9888
402.500 19.2512 13.084544 12.79488 154720
403.000 19.2512 12.501568 12.211872 299568
403.500 19.2512 11.529664 12.1288 0
404.000 19.2512 12.68 12.208992 235504
404.500 19.2512 12.628416 12.937152 81136
405.000 6.016 6.078432 6.008 116352
405.500 6.016 5.999392 5.980256 125920
406.000 6.016 5.894976 5.900416 123200
406.500 6.016 5.215616 5.203648 129184
407.000 6.016 4.335424 4.263392 165200
407.500 6.016 3.738176 4.048896 9840
408.000 6.016 3.23856 3.139648 59296
408.500 6.016 3.877824 3.546912 224752
409.000 6.016 3.577984 4.027488 0
409.500 6.016 4.676512 4.676512 0
410.000 3.6096 3.365536 3.300576 32480
410.500 3.6096 2.388128 2.268096 92496
411.000 3.6096 1.75456 1.802336 68608
411.500 3.6096 1.406048 1.543264 0
412.000 3.6096 1.396096 1.396096 0
412.500 3.6096 1.407456 1.407456 0
413.000 3.6096 1.580768 1.580768 0
413.500 3.6096 1.482592 1.482592 0
414.000 3.6096 1.686528 1.68544 544
414.500 3.6096 1.631904 1.40224 115376
415.000 1.2032 0.629216 0.859968 0
415.500 1.2032 0.602016 0.558912 21552
416.000 1.2032 0.376544 0.419648 0
416.500 1.2032 0.467424 0.465504 960
417.000 1.2032 0.699872 0.604896 48448
417.500 1.2032 0.588 0.610336 37280
418.000 1.2032 0.691808 0.695424 35472
418.500 1.2032 0.557696 0.627552 544
419.000 1.2032 0.444864 0.444864 544
419.500 1.2032 0.65088 0.605344 23312
420.000 7.2192 1.4704 1.517024 0
420.500 7.2192 3.892832 3.57632 158256
421.000 7.2192 4.086624 4.236384 83376
421.500 7.2192 4.117216 4.042112 120928
422.000 7.2192 3.748672 3.98944 544
422.500 7.2192 3.85104 3.852128 0
423.000 7.2192 3.874976 3.874976 0
423.500 7.2192 4.41248 4.41248 0
424.000 7.2192 5.300064 5.117664 91200
424.500 7.2192 7.07872 7.013216 123952
425.000 6.016 5.922272 5.996832 86672
425.500 6.016 5.54448 5.69312 12352
426.000 6.016 5.135808 4.810624 174944
426.500 6.016 5.68992 5.773536 133136
427.000 6.016 6.064704 6.002368 164304
427.500 6.016 5.711072 5.917248 61216
428.000 6.016 4.337088 4.382944 38288
428.500 6.016 3.736288 3.806208 3328
429.000 6.016 3.45296 3.43904 10288
429.500 6.016 4.59904 4.619616 0
430.000 9.6256 6.10928 5.77712 166080
430.500 9.6256 7.515648 7.408992 219408
431.000 9.6256 8.22304 8.372544 144656
431.500 9.6256 8.998656 8.697856 295056
432.000 9.6256 9.666752 9.646976 304944
432.500 9.6256 9.632192 9.613888 314096
433.000 9.6256 9.623392 9.628 311792
433.500 9.6256 9.520256 9.634752 254544
434.000 9.6256 9.697056 9.612256 296944
434.500 9.6256 9.28112 9.6224 126304
435.000 18.048 11.55984 11.642416 85016
435.500 18.048 14.059232 14.229264 0
436.000 18.048 14.532448 14.253696 139376
436.500 18.048 14.674448 14.537376 207912
437.000 18.048 14.300112 14.241456 237240
437.500 18.048 12.743504 12.475856 371064
438.000 18.048 14.578704 14.562048 379392
438.500 18.048 14.32816 14.563152 261896
439.000 18.048 12.8032 13.154912 86040
439.500 18.048 13.418976 13.591056 0
440.000 10.8288 11.155136 10.5908 282168
440.500 10.8288 10.786848 10.832864 259160
441.000 10.8288 10.8836 10.616528 392696
441.500 10.8288 10.738272 10.823712 349976
442.000 10.8288 10.721168 10.820192 300464
442.500 10.8288 10.982976 10.841632 371136
443.000 10.8288 10.817312 10.825696 366944
443.500 10.8288 10.38112 10.830592 142208
444.000 10.8288 10.790112 10.683392 195568
444.500 10.8288 10.807456 10.83968 179456
445.000 18.048 12.384192 12.743104 0
445.500 18.048 14.520304 14.159168 180568
446.000 18.048 14.579216 14.59672 171816
446.500 18.048 14.455712 14.628592 85376
447.000 18.048 14.200192 14.23456 68192
447.500 18.048 14.122848 13.600992 329120
448.000 18.048 12.99328 12.881344 385088
448.500 18.048 13.275968 13.470608 287768
449.000 18.048 13.792224 14.020848 173456
449.500 18.048 14.504448 14.145952 352704
450.000 6.016 5.64376 6.014496 167336
450.500 6.016 4.877216 5.041584 85152
451.000 6.016 4.148096 4.192544 62928
451.500 6.016 4.697152 4.689824 66592
452.000 6.016 4.901568 5.034752 0
452.500 6.016 4.127392 4.032832 47280
453.000 6.016 4.094656 3.951072 119072
453.500 6.016 5.502912 5.447072 146992
454.000 6.016 6.045568 6.001152 169200
454.500 6.016 5.964224 5.971296 165664
455.000 6.016 5.772736 5.944288 79888
455.500 6.016 5.045568 5.057408 73968
456.000 6.016 3.91008 3.906656 75680
456.500 6.016 4.135648 4.102176 92416
457.000 6.016 3.973696 3.970752 93888
457.500 6.016 4.101056 4.068544 110144
458.000 6.016 3.884192 3.731488 186496
458.500 6.016 4.110304 4.163744 159776
459.000 6.016 3.907104 4.144512 41072
459.500 6.016 4.889344 4.670976 150256
460.000 6.016 4.528256 4.69808 65344
460.500 6.016 4.312288 4.370976 36000
461.000 6.016 3.900512 3.972512 0
461.500 6.016 3.126656 3.126656 0
462.000 6.016 2.89968 2.89968 0
462.500 6.016 2.90256 2.891008 5776
463.000 6.016 3.253024 3.241344 11616
463.500 6.016 3.66528 3.688512 0
464.000 6.016 4.588288 4.26192 163184
464.500 6.016 3.970272 4.038848 128896
465.000 6.016 3.800032 3.931872 62976
465.500 6.016 3.914112 4.040064 0
466.000 6.016 3.548 3.548 0
466.500 6.016 3.148384 3.054848 46768
467.000 6.016 2.965568 2.977216 40944
467.500 6.016 3.260768 3.316832 12912
468.000 6.016 3.56976 3.595584 0
468.500 6.016 4.045088 3.827904 108592
469.000 6.016 3.21312 3.430304 0
469.500 6.016 3.453568 3.346464 53552
470.000 18.048 9.036512 8.820096 161760
470.500 18.048 13.347168 13.327136 171776
471.000 18.048 14.521952 14.141408 362048
471.500 18.048 14.514432 14.48016 379184
472.000 18.048 14.3264 14.551168 266800
472.500 18.048 12.826144 13.306512 26616
473.000 18.048 12.423808 12.158672 159184
473.500 18.048 13.019216 12.952096 192744
474.000 18.048 13.864304 14.249792 0
474.500 18.048 14.618432 14.253728 182352
475.000 1.2032 1.60272 1.19824 384592
475.500 1.2032 0.17376 0.942944 0
476.000 1.2032 0.766944 0.671584 47680
476.500 1.2032 0.515392 0.610752 0
477.000 1.2032 0.45264 0.451552 544
477.500 1.2032 0.420928 0.40096 10528
478.000 1.2032 0.577888 0.595776 1584
478.500 1.2032 0.41856 0.421728 0
479.000 1.2032 0.53312 0.53312 0
479.500 1.2032 0.60208 0.60208 0
480.000 18.048 2.194112 2.194112 0
480.500 18.048 10.815024 9.737888 538568
481.000 18.048 11.2276 11.997632 153552
481.500 18.048 14.447744 14.47936 137744
482.000 18.048 14.219872 14.49536 0
482.500 18.048 14.526336 14.253728 136304
483.000 18.048 14.620224 14.173056 359888
483.500 18.048 12.418912 12.318624 410032
484.000 18.048 13.174656 13.274272 360224
484.500 18.048 14.517024 14.490272 373600
485.000 6.016 5.6032 6.011072 169664
485.500 6.016 6.035616 6.020832 177056
486.000 6.016 5.508928 5.72304 70000
486.500 6.016 4.1384 4.251968 13216
487.000 6.016 4.285952 4.168864 71760
487.500 6.016 4.579744 4.723264 0
488.000 6.016 5.205952 4.904032 150960
488.500 6.016 3.812672 3.838496 138048
489.000 6.016 3.88896 3.831136 166960
489.500 6.016 4.067712 4.201024 100304
490.000 16.8448 7.348896 7.219232 165136
490.500 16.8448 13.437408 13.13328 317200
491.000 16.8448 12.91872 13.144032 204544
491.500 16.8448 12.024768 12.384576 24640
492.000 16.8448 14.043328 13.841632 125488
492.500 16.8448 14.305408 14.266592 144896
493.000 16.8448 14.501312 14.377216 206944
493.500 16.8448 14.115392 14.434528 47376
494.000 16.8448 13.547648 13.512416 64992
494.500 16.8448 12.576 12.231296 237344
495.000 12.032 12.059424 11.817984 358064
495.500 12.032 11.935456 11.947744 351920
496.000 12.032 12.052416 12.018176 369040
496.500 12.032 12.033216 12.045152 363072
497.000 12.032 11.529504 12.003968 125840
497.500 12.032 11.824448 11.837728 119200
498.000 12.032 11.81792 11.812064 122128
498.500 12.032 11.860128 11.856064 124160
499.000 12.032 12.064416 11.923392 194672
499.500 12.032 12.124352 12.021248 246224
