0.000 16.8448 6.591936 4.647552 972192
0.500 16.8448 33.030816 16.859232 9057984
1.000 16.8448 30.327648 16.83552 15804048
1.500 16.8448 0 14.10864 8749728
2.000 16.8448 24.328512 14.82 13503984
2.500 16.8448 15.958176 16.83552 13065312
3.000 16.8448 10.219872 16.83552 9757488
3.500 16.8448 19.79952 16.859232 11227632
4.000 16.8448 19.609824 16.83552 12614784
4.500 16.8448 19.846944 16.859232 14108640
5.000 4.8128 1.114464 4.813536 12259104
5.500 4.8128 0 4.813536 9852336
6.000 4.8128 5.382624 3.746496 10670400
6.500 4.8128 2.632032 4.813536 9579648
7.000 4.8128 5.80944 4.26816 10350288
7.500 4.8128 4.078464 4.789824 9994608
8.000 4.8128 5.026944 4.813536 10101312
8.500 4.8128 10.78896 4.813536 13089024
9.000 4.8128 2.110368 4.813536 11737440
9.500 4.8128 0 4.813536 9330672
10.000 13.2352 10.575552 10.148736 9544080
10.500 13.2352 18.281952 13.231296 12069408
11.000 13.2352 13.586976 13.231296 12247248
11.500 13.2352 22.360416 13.231296 16811808
12.000 13.2352 4.457856 13.231296 12425088
12.500 13.2352 8.394048 13.231296 10006464
13.000 13.2352 13.420992 13.255008 10089456
13.500 13.2352 17.42832 13.231296 12187968
14.000 13.2352 14.061216 13.231296 12602928
14.500 13.2352 21.364512 13.231296 16669536
15.000 19.2512 10.053888 19.254144 12069408
15.500 19.2512 17.594304 19.254144 11239488
16.000 19.2512 21.767616 19.254144 12496224
16.500 19.2512 20.250048 19.254144 12994176
17.000 19.2512 24.873888 19.230432 15815904
17.500 19.2512 12.80448 19.254144 12591072
18.000 19.2512 19.633536 19.254144 12780768
18.500 19.2512 20.226336 19.254144 13266864
19.000 19.2512 25.893504 19.254144 16586544
19.500 19.2512 11.713728 19.254144 12816336
20.000 6.016 4.50528 6.022848 12057552
20.500 6.016 3.129984 4.671264 11286912
21.000 6.016 7.137312 6.022848 11844144
21.500 6.016 9.935328 6.022848 13800384
22.000 6.016 0.213408 6.022848 10895664
22.500 6.016 5.57232 5.003232 11180208
23.000 6.016 7.1136 6.022848 11725584
23.500 6.016 8.560032 5.999136 13006032
24.000 6.016 0.284544 5.287776 10504416
24.500 6.016 7.1136 5.643456 11239488
25.000 12.032 14.70144 12.021984 12579216
25.500 12.032 18.85104 12.045696 15981888
26.000 12.032 6.473376 12.021984 13207584
26.500 12.032 7.516704 12.045696 10943088
27.000 12.032 14.748864 12.021984 12306528
27.500 12.032 13.39728 12.045696 12982320
28.000 12.032 17.238624 12.021984 15590640
28.500 12.032 4.552704 12.021984 11856000
29.000 12.032 13.705536 12.045696 12685920
29.500 12.032 15.673632 12.021984 14511744
30.000 18.048 23.83056 18.044832 17404608
30.500 18.048 7.58784 18.044832 12176112
31.000 18.048 17.973696 18.068544 12128688
31.500 18.048 19.79952 18.044832 13006032
32.000 18.048 22.716096 18.044832 15341664
32.500 18.048 19.135584 18.044832 15887040
33.000 18.048 17.1912 18.044832 15460224
33.500 18.048 16.171584 18.044832 14523600
34.000 18.048 20.131488 18.044832 15566928
34.500 18.048 16.290144 18.068544 14677728
35.000 12.032 14.369472 12.021984 15851472
35.500 12.032 3.959904 12.021984 11820432
36.000 12.032 14.559168 11.61888 13290576
36.500 12.032 13.468416 12.045696 14001936
37.000 12.032 16.5984 12.021984 16290144
37.500 12.032 6.5208 12.021984 13539552
38.000 12.032 9.745632 12.045696 12389520
38.500 12.032 14.70144 12.021984 13729248
39.000 12.032 16.195296 12.045696 15804048
39.500 12.032 10.385856 12.021984 14985984
40.000 9.6256 5.264064 9.627072 12804480
40.500 9.6256 11.239488 9.627072 13610688
41.000 9.6256 13.6344 9.627072 15614352
41.500 9.6256 7.255872 9.627072 14428752
42.000 9.6256 6.236256 9.627072 12733344
42.500 9.6256 11.286912 9.627072 13563264
43.000 9.6256 13.39728 9.627072 15448368
43.500 9.6256 6.852768 9.627072 14061216
44.000 9.6256 7.421856 9.627072 12958608
44.500 9.6256 11.239488 9.627072 13764816
45.000 19.2512 21.9336 19.230432 15116400
45.500 19.2512 26.296608 19.254144 18637632
46.000 19.2512 10.291008 19.254144 14156064
46.500 19.2512 19.230432 19.254144 14144208
47.000 19.2512 22.787232 19.254144 15910752
47.500 19.2512 25.182144 19.254144 18874752
48.000 19.2512 8.702304 19.254144 13598832
48.500 19.2512 18.566496 18.566496 13598832
49.000 19.2512 21.981024 19.254144 14962272
49.500 19.2512 23.048064 19.254144 16859232
50.000 14.4384 7.919808 14.440608 13598832
50.500 14.4384 15.792192 14.440608 14274624
51.000 14.4384 19.183008 14.440608 16645824
51.500 14.4384 11.429184 14.440608 15140112
52.000 14.4384 12.259104 14.440608 14049360
52.500 14.4384 17.048928 14.416896 15365376
53.000 14.4384 15.389088 14.440608 15839616
53.500 14.4384 12.187968 14.440608 14713296
54.000 14.4384 17.712864 14.440608 16349424
54.500 14.4384 13.800384 14.440608 16029312
55.000 2.4064 0 2.418624 14820000
55.500 2.4064 0 2.394912 13622544
56.000 2.4064 0.047424 1.944384 12674064
56.500 2.4064 4.813536 1.873248 14144208
57.000 2.4064 0.403104 2.418624 13136448
57.500 2.4064 2.039232 1.944384 13183872
58.000 2.4064 4.955808 2.418624 14452464
58.500 2.4064 0 2.394912 13255008
59.000 2.4064 1.209312 1.920672 12899328
59.500 2.4064 3.011424 2.394912 13207584
60.000 14.4384 18.329376 14.10864 15317952
60.500 14.4384 16.100448 14.440608 16147872
61.000 14.4384 15.341664 14.440608 16598400
61.500 14.4384 12.045696 14.440608 15400944
62.000 14.4384 14.630304 14.440608 15495792
62.500 14.4384 15.151968 14.440608 15851472
63.000 14.4384 15.76848 14.440608 16515408
63.500 14.4384 11.310624 14.440608 14950416
64.000 14.4384 3.865056 7.801248 12982320
64.500 14.4384 19.111872 14.416896 15329808
65.000 13.2352 15.080832 13.255008 16242720
65.500 13.2352 11.808576 13.231296 15531360
66.000 13.2352 12.970464 13.231296 15400944
66.500 13.2352 14.914848 13.231296 16242720
67.000 13.2352 12.069408 13.231296 15661776
67.500 13.2352 13.065312 13.231296 15578784
68.000 13.2352 14.677728 13.255008 16290144
68.500 13.2352 12.4488 13.231296 15898896
69.000 13.2352 12.757056 13.231296 15661776
69.500 13.2352 14.677728 13.231296 16384992
70.000 18.048 24.233664 18.044832 19479408
70.500 18.048 0 12.970464 12994176
71.000 18.048 13.51584 11.97456 13764816
71.500 18.048 21.720192 18.044832 15602496
72.000 18.048 19.941792 18.044832 16550976
72.500 18.048 24.8976 18.044832 19977360
73.000 18.048 2.964 16.384992 13266864
73.500 18.048 21.22224 17.594304 15080832
74.000 18.048 20.795424 18.044832 16456128
74.500 18.048 19.277856 18.044832 17072640
75.000 12.032 11.38176 12.045696 16740672
75.500 12.032 4.528992 9.60336 14203488
76.000 12.032 14.93856 12.021984 15661776
76.500 12.032 14.298336 12.045696 16788096
77.000 12.032 5.785728 12.021984 13669968
77.500 12.032 15.365376 12.045696 15329808
78.000 12.032 14.061216 12.021984 16349424
78.500 12.032 10.125024 12.021984 15400944
79.000 12.032 12.069408 12.045696 15412800
79.500 12.032 13.895232 12.021984 16349424
80.000 18.048 21.649056 18.044832 18151536
80.500 18.048 17.452032 18.044832 17855136
81.000 18.048 10.646688 18.068544 14144208
81.500 18.048 19.20672 18.044832 14725152
82.000 18.048 20.700576 18.044832 16053024
82.500 18.048 20.653152 18.044832 17357184
83.000 18.048 23.996544 18.044832 20333040
83.500 18.048 1.090752 14.156064 13800384
84.000 18.048 16.0056 13.183872 15211248
84.500 18.048 20.913984 18.044832 16645824
85.000 18.048 20.605728 18.044832 17926272
85.500 18.048 23.214048 18.044832 20510880
86.000 18.048 10.0776 18.068544 16515408
86.500 18.048 18.447936 18.044832 16716960
87.000 18.048 17.499456 18.044832 16444272
87.500 18.048 21.22224 18.044832 18032976
88.000 18.048 20.202624 18.044832 19111872
88.500 18.048 15.697344 18.044832 17938128
89.000 18.048 15.626208 18.044832 16728816
89.500 18.048 21.008832 18.068544 18198960
90.000 6.016 4.528992 5.999136 17463888
90.500 6.016 0 5.833152 14547312
91.000 6.016 8.702304 4.837248 16479840
91.500 6.016 2.110368 5.975424 14547312
92.000 6.016 7.967232 5.09808 15981888
92.500 6.016 5.45376 5.999136 15709200
93.000 6.016 10.528128 6.022848 17961840
93.500 6.016 1.06704 6.022848 15483936
94.000 6.016 4.244448 4.884672 15163824
94.500 6.016 6.99504 6.022848 15649920
95.000 2.4064 2.062944 2.394912 15483936
95.500 2.4064 0.545376 2.039232 14737008
96.000 2.4064 3.343392 2.394912 15211248
96.500 2.4064 2.774304 2.394912 15400944
97.000 2.4064 0.5928 2.300064 14547312
97.500 2.4064 2.84544 2.062944 14938560
98.000 2.4064 2.964 2.394912 15223104
98.500 2.4064 2.086656 2.418624 15057120
99.000 2.4064 1.612416 2.25264 14737008
99.500 2.4064 2.84544 2.418624 14950416
100.000 16.8448 19.775808 14.772576 17452032
100.500 16.8448 21.767616 16.83552 19918080
101.000 16.8448 11.524032 16.859232 17250480
101.500 16.8448 13.27872 16.740672 15519504
102.000 16.8448 25.087296 16.83552 19645392
102.500 16.8448 16.527264 16.859232 19479408
103.000 16.8448 9.057984 16.83552 15590640
103.500 16.8448 17.380896 16.859232 15851472
104.000 16.8448 22.218144 16.83552 18542784
104.500 16.8448 21.008832 16.83552 20629440
105.000 6.016 0.35568 6.022848 17795856
105.500 6.016 0 5.548608 15021552
106.000 6.016 6.87648 4.528992 16195296
106.500 6.016 10.19616 6.022848 18281952
107.000 6.016 3.390816 5.999136 16977792
107.500 6.016 0.5928 4.363008 15092688
108.000 6.016 7.896096 5.999136 16041168
108.500 6.016 9.745632 6.022848 17902560
109.000 6.016 3.153696 6.022848 16467984
109.500 6.016 2.157792 4.600128 15246816
110.000 7.2192 8.749728 7.23216 16005600
110.500 7.2192 10.456992 7.208448 17629872
111.000 7.2192 1.754688 6.923904 15045264
111.500 7.2192 8.275488 6.947616 15709200
112.000 7.2192 10.243584 7.208448 17226768
112.500 7.2192 4.410432 7.208448 15827760
113.000 7.2192 6.947616 7.23216 15685488
113.500 7.2192 9.223968 7.208448 16693248
114.000 7.2192 7.516704 7.23216 16835520
114.500 7.2192 5.524896 7.208448 15993744
115.000 9.6256 11.002368 9.627072 16681392
115.500 9.6256 11.215776 9.627072 17475744
116.000 9.6256 12.733344 9.627072 19028880
116.500 9.6256 2.418624 9.627072 15424656
117.000 9.6256 11.452896 9.627072 16337568
117.500 9.6256 11.2632 9.627072 17155632
118.000 9.6256 15.88704 9.627072 20285616
118.500 9.6256 1.683552 9.627072 16313856
119.000 9.6256 9.674496 9.627072 16337568
119.500 9.6256 11.049792 9.627072 17048928
120.000 12.032 17.784 12.021984 19929936
120.500 12.032 5.785728 12.021984 16811808
121.000 12.032 12.472512 12.045696 17025216
121.500 12.032 17.001504 12.021984 19514976
122.000 12.032 10.480704 12.045696 18732480
122.500 12.032 8.18064 12.021984 16811808
123.000 12.032 12.80448 12.045696 17191200
123.500 12.032 13.231296 12.021984 17795856
124.000 12.032 15.270528 12.021984 19420128
124.500 12.032 6.686784 12.045696 16740672
125.000 7.2192 4.908384 7.208448 15590640
125.500 7.2192 6.615648 6.117696 15839616
126.000 7.2192 9.36624 7.23216 16906656
126.500 7.2192 8.06208 7.208448 17333472
127.000 7.2192 3.485664 7.066176 15543216
127.500 7.2192 8.749728 7.23216 16302000
128.000 7.2192 8.749728 7.208448 17072640
128.500 7.2192 5.904288 7.23216 16408704
129.000 7.2192 6.805344 7.208448 16207152
129.500 7.2192 8.488896 7.23216 16835520
130.000 16.8448 21.483072 16.83552 19159296
130.500 16.8448 23.498592 16.859232 22478976
131.000 16.8448 2.062944 16.313856 15353520
131.500 16.8448 17.07264 15.602496 16088592
132.000 16.8448 19.68096 16.83552 17511312
132.500 16.8448 21.151104 16.83552 19669104
133.000 16.8448 13.349856 16.859232 17914416
133.500 16.8448 14.606592 16.83552 16799952
134.000 16.8448 19.230432 16.859232 17985552
134.500 16.8448 20.51088 16.83552 19823232
135.000 12.032 6.63936 12.021984 17131920
135.500 12.032 9.579648 12.045696 15898896
136.000 12.032 14.70144 12.021984 17238624
136.500 12.032 13.895232 12.045696 18163392
137.000 12.032 15.460224 12.021984 19882512
137.500 12.032 5.856864 12.021984 16799952
138.000 12.032 11.666304 12.045696 16610256
138.500 12.032 14.58288 12.021984 17890704
139.000 12.032 14.891136 12.045696 19313424
139.500 12.032 8.441472 12.021984 17523168
140.000 1.2032 0.71136 1.209312 17274192
140.500 1.2032 0 1.209312 16669536
141.000 1.2032 0 1.1856 16076736
141.500 1.2032 0 1.138176 15507648
142.000 1.2032 3.580512 1.06704 16764384
142.500 1.2032 0 1.209312 16159728
143.000 1.2032 0 1.209312 15555072
143.500 1.2032 1.825824 0.995904 15970032
144.000 1.2032 0.640224 1.209312 15685488
144.500 1.2032 0.995904 0.995904 15685488
145.000 14.4384 15.389088 11.14464 17807712
145.500 14.4384 17.096352 14.440608 19135584
146.000 14.4384 13.089024 14.440608 18459792
146.500 14.4384 14.58288 14.440608 18530928
147.000 14.4384 16.622112 14.440608 19621680
147.500 14.4384 10.741536 14.440608 17772144
148.000 14.4384 14.93856 14.440608 18021120
148.500 14.4384 17.096352 14.440608 19348992
149.000 14.4384 12.069408 14.440608 18163392
149.500 14.4384 13.539552 14.440608 17712864
150.000 15.6416 18.471648 15.626208 19135584
150.500 15.6416 17.404608 15.64992 20012928
151.000 15.6416 11.832288 15.64992 18104112
151.500 15.6416 17.380896 15.626208 18981456
152.000 15.6416 17.570592 15.64992 19941792
152.500 15.6416 7.1136 15.365376 15815904
153.000 15.6416 7.089888 6.449664 16136016
153.500 15.6416 20.913984 15.64992 18768048
154.000 15.6416 17.926272 15.626208 19918080
154.500 15.6416 10.575552 15.64992 17380896
155.000 12.032 6.236256 8.512608 16242720
155.500 12.032 15.602496 12.045696 18021120
156.000 12.032 14.630304 12.021984 19325280
156.500 12.032 6.093984 12.021984 16361280
157.000 12.032 14.985984 12.045696 17831424
157.500 12.032 14.179776 12.021984 18910320
158.000 12.032 11.239488 12.045696 18507216
158.500 12.032 10.741536 12.021984 17866992
159.000 12.032 14.298336 12.045696 18993312
159.500 12.032 10.0776 12.021984 18021120
160.000 6.016 0.735072 5.026944 15875184
160.500 6.016 8.204352 5.928 17013360
161.000 6.016 7.516704 6.022848 17760288
161.500 6.016 1.517568 5.3352 15851472
162.000 6.016 7.398144 5.714592 16693248
162.500 6.016 7.421856 5.999136 17404608
163.000 6.016 7.374432 6.022848 18080400
163.500 6.016 1.161888 5.430048 15946320
164.000 6.016 7.421856 5.999136 16657680
164.500 6.016 7.1136 6.022848 17203056
165.000 15.6416 20.368608 15.64992 19562400
165.500 15.6416 16.337568 15.626208 19918080
166.000 15.6416 11.310624 15.64992 17748432
166.500 15.6416 15.460224 15.64992 17653584
167.000 15.6416 20.1552 15.626208 19918080
167.500 15.6416 15.981888 15.64992 20084064
168.000 15.6416 12.09312 15.64992 18305664
168.500 15.6416 17.238624 15.626208 19111872
169.000 15.6416 17.855136 15.64992 20214480
169.500 15.6416 11.950848 15.626208 18376800
170.000 12.032 8.346624 11.856 16622112
170.500 12.032 15.721056 12.021984 18471648
171.000 12.032 15.29424 12.045696 20095920
171.500 12.032 5.69088 12.021984 16930368
172.000 12.032 14.914848 12.045696 18364944
172.500 12.032 15.104544 12.021984 19906224
173.000 12.032 7.374432 12.021984 17582448
173.500 12.032 13.16016 12.045696 18139680
174.000 12.032 14.677728 12.021984 19467552
174.500 12.032 9.911616 12.045696 18400512
175.000 8.4224 5.192928 8.41776 16788096
175.500 8.4224 10.6704 8.41776 17914416
176.000 8.4224 10.219872 8.41776 18815472
176.500 8.4224 3.343392 8.41776 16278288
177.000 8.4224 10.55184 8.441472 17333472
177.500 8.4224 10.006464 8.41776 18127824
178.000 8.4224 9.745632 8.41776 18791760
178.500 8.4224 5.050656 8.41776 17108208
179.000 8.4224 9.864192 8.41776 17831424
179.500 8.4224 10.6704 8.441472 18945888
180.000 6.016 2.13408 5.999136 17013360
180.500 6.016 5.904288 6.022848 16954080
181.000 6.016 7.35072 6.022848 17618016
181.500 6.016 4.908384 6.022848 17060784
182.000 6.016 5.951712 5.999136 17037072
182.500 6.016 6.947616 6.022848 17499456
183.000 6.016 6.093984 6.022848 17535024
183.500 6.016 4.837248 5.999136 16954080
184.000 6.016 7.184736 6.022848 17535024
184.500 6.016 5.738304 6.022848 17392752
185.000 6.016 5.548608 5.999136 17167488
185.500 6.016 7.089888 6.022848 17701008
186.000 6.016 5.21664 6.022848 17297904
186.500 6.016 5.738304 6.022848 17155632
187.000 6.016 6.900192 5.999136 17606160
187.500 6.016 5.69088 6.022848 17440176
188.000 6.016 5.619744 6.022848 17238624
188.500 6.016 7.089888 5.999136 17784000
189.000 6.016 4.718688 6.022848 17131920
189.500 6.016 6.449664 6.022848 17345328
190.000 7.2192 14.250912 7.208448 20866560
190.500 7.2192 1.849536 7.23216 18175248
191.000 7.2192 3.367104 7.042464 16337568
191.500 7.2192 8.275488 7.208448 16871088
192.000 7.2192 8.441472 7.23216 17475744
192.500 7.2192 8.844576 7.208448 18293808
193.000 7.2192 5.904288 7.208448 17641728
193.500 7.2192 5.80944 7.23216 16930368
194.000 7.2192 8.2992 7.208448 17475744
194.500 7.2192 11.073504 7.23216 19396416
195.000 8.4224 4.173312 8.41776 17274192
195.500 8.4224 8.892 8.41776 17511312
196.000 8.4224 9.911616 8.41776 18258240
196.500 8.4224 7.682688 8.441472 17878848
197.000 8.4224 7.919808 8.41776 17629872
197.500 8.4224 9.911616 8.41776 18376800
198.000 8.4224 6.923904 8.41776 17629872
198.500 8.4224 9.081696 8.41776 17961840
199.000 8.4224 10.6704 8.441472 19076304
199.500 8.4224 4.86096 8.41776 17297904
200.000 18.048 19.586112 18.044832 18068544
200.500 18.048 22.004736 18.044832 20048496
201.000 18.048 25.798656 18.044832 23925408
201.500 18.048 7.35072 18.044832 18578352
202.000 18.048 17.594304 18.044832 18353088
202.500 18.048 19.514976 18.068544 19076304
203.000 18.048 21.743904 18.044832 20925840
203.500 18.048 23.427456 18.044832 23617152
204.000 18.048 3.295968 16.36128 17084496
204.500 18.048 22.028448 17.855136 19171152
205.000 16.8448 18.353088 16.83552 19929936
205.500 16.8448 20.1552 16.859232 21577920
206.000 16.8448 13.183872 16.83552 19752096
206.500 16.8448 15.958176 16.859232 19301568
207.000 16.8448 18.400512 16.83552 20084064
207.500 16.8448 19.941792 16.83552 21637200
208.000 16.8448 8.156928 16.764384 17333472
208.500 16.8448 17.570592 15.792192 18222672
209.000 16.8448 20.937696 16.859232 20261904
209.500 16.8448 19.657248 16.83552 21672768
210.000 2.4064 2.157792 2.394912 21554208
210.500 2.4064 0 2.418624 20344896
211.000 2.4064 0 2.394912 19147440
211.500 2.4064 0 2.418624 17938128
212.000 2.4064 2.48976 1.944384 18210816
212.500 2.4064 2.300064 2.394912 18163392
213.000 2.4064 0.35568 1.920672 17380896
213.500 2.4064 4.197024 2.394912 18281952
214.000 2.4064 0.071136 2.157792 17238624
214.500 2.4064 3.248544 2.181504 17772144
215.000 7.2192 13.444704 7.208448 20890272
215.500 7.2192 6.093984 7.23216 20321184
216.000 7.2192 0.071136 6.259968 17226768
216.500 7.2192 7.208448 6.16512 17748432
217.000 7.2192 12.733344 7.208448 20510880
217.500 7.2192 2.560896 7.208448 18187104
218.000 7.2192 4.434144 5.667168 17570592
218.500 7.2192 8.53632 7.23216 18222672
219.000 7.2192 9.650784 7.208448 19443840
219.500 7.2192 1.65984 5.80944 17369040
220.000 7.2192 8.488896 7.23216 17997408
220.500 7.2192 10.883808 7.208448 19835088
221.000 7.2192 1.090752 6.307392 17226768
221.500 7.2192 8.014656 6.781632 17843280
222.000 7.2192 10.55184 7.23216 19503120
222.500 7.2192 3.31968 7.208448 17558736
223.000 7.2192 7.089888 6.781632 17712864
223.500 7.2192 9.864192 7.208448 19040736
224.000 7.2192 7.58784 7.23216 19218576
224.500 7.2192 4.339296 7.208448 17784000
225.000 14.4384 16.076736 14.440608 18602064
225.500 14.4384 17.262336 14.440608 20012928
226.000 14.4384 16.337568 14.440608 20961408
226.500 14.4384 14.772576 14.440608 21127392
227.000 14.4384 10.0776 14.440608 18945888
227.500 14.4384 14.654016 14.440608 19052592
228.000 14.4384 16.36128 14.440608 20012928
228.500 14.4384 16.5984 14.440608 21091824
229.000 14.4384 14.274624 14.416896 21020688
229.500 14.4384 11.192064 14.440608 19396416
230.000 9.6256 10.338432 9.627072 19752096
230.500 9.6256 10.43328 9.627072 20155200
231.000 9.6256 7.327008 9.627072 19005168
231.500 9.6256 11.02608 9.627072 19704672
232.000 9.6256 10.6704 9.627072 20226336
232.500 9.6256 6.971328 9.627072 18898464
233.000 9.6256 10.90752 9.627072 19538688
233.500 9.6256 12.780768 9.627072 21115536
234.000 9.6256 3.841344 9.627072 18222672
234.500 9.6256 11.998272 9.627072 19408272
235.000 19.2512 21.9336 19.254144 20748000
235.500 19.2512 20.107776 19.230432 21186672
236.000 19.2512 18.424224 19.254144 20771712
236.500 19.2512 19.775808 19.254144 21032544
237.000 19.2512 19.135584 19.254144 20973264
237.500 19.2512 19.894368 19.254144 21293376
238.000 19.2512 18.163392 19.254144 20748000
238.500 19.2512 19.91808 19.254144 21079968
239.000 19.2512 19.586112 19.254144 21245952
239.500 19.2512 19.396416 19.230432 21328944
240.000 18.048 16.171584 18.068544 20380464
240.500 18.048 19.775808 18.044832 21245952
241.000 18.048 18.685056 18.044832 21566064
241.500 18.048 17.90256 18.044832 21494928
242.000 18.048 17.807712 18.044832 21376368
242.500 18.048 17.90256 18.044832 21305232
243.000 18.048 18.353088 18.044832 21459360
243.500 18.048 18.210816 18.068544 21530496
244.000 18.048 17.475744 18.044832 21245952
244.500 18.048 18.685056 18.044832 21566064
245.000 1.2032 1.683552 1.209312 21803184
245.500 1.2032 0 1.1856 21210384
246.000 1.2032 0 1.209312 20605728
246.500 1.2032 0 1.209312 20001072
247.000 1.2032 0 1.1856 19408272
247.500 1.2032 0 1.209312 18803616
248.000 1.2032 0 1.209312 18198960
248.500 1.2032 2.798016 1.090752 19052592
249.000 1.2032 0.23712 1.209312 18566496
249.500 1.2032 0.47424 1.090752 18258240
250.000 10.8288 11.642592 8.820864 19669104
250.500 10.8288 15.270528 10.836384 21886176
251.000 10.8288 1.802112 9.105408 18234528
251.500 10.8288 12.09312 9.674496 19443840
252.000 10.8288 14.82 10.836384 21435648
252.500 10.8288 4.457856 10.812672 18258240
253.000 10.8288 12.733344 10.575552 19337136
253.500 10.8288 13.966368 10.812672 20913984
254.000 10.8288 8.370336 10.836384 19680960
254.500 10.8288 10.43328 10.836384 19479408
255.000 12.032 14.156064 12.021984 20546448
255.500 12.032 14.867424 12.021984 21969168
256.000 12.032 6.900192 12.045696 19396416
256.500 12.032 14.34576 12.021984 20558304
257.000 12.032 14.725152 12.045696 21898032
257.500 12.032 7.445568 12.021984 19609824
258.000 12.032 14.535456 12.045696 20854704
258.500 12.032 13.918944 12.021984 21803184
259.000 12.032 8.441472 12.021984 20012928
259.500 12.032 14.179776 12.045696 21079968
260.000 18.048 19.68096 18.044832 21898032
260.500 18.048 17.262336 18.044832 21506784
261.000 18.048 18.424224 18.044832 21696480
261.500 18.048 18.424224 18.044832 21886176
262.000 18.048 17.760288 18.044832 21743904
262.500 18.048 18.115968 18.068544 21767616
263.000 18.048 18.447936 18.044832 21969168
263.500 18.048 17.641728 18.044832 21767616
264.000 18.048 18.02112 18.044832 21755760
264.500 18.048 17.760288 18.044832 21613488
265.000 18.048 18.85104 18.044832 22016592
265.500 18.048 17.712864 18.044832 21850608
266.000 18.048 16.882944 18.068544 21257808
266.500 18.048 19.823232 18.044832 22147008
267.000 18.048 17.54688 18.044832 21898032
267.500 18.048 18.068544 18.044832 21909888
268.000 18.048 18.471648 18.044832 22123296
268.500 18.048 17.42832 18.044832 21815040
269.000 18.048 19.08816 18.044832 22336704
269.500 18.048 17.286048 18.044832 21957312
270.000 18.048 18.424224 18.068544 22135152
270.500 18.048 18.827328 18.044832 22526400
271.000 18.048 17.712864 18.044832 22360416
271.500 18.048 17.855136 18.044832 22265568
272.000 18.048 18.044832 18.044832 22265568
272.500 18.048 18.542784 18.044832 22514544
273.000 18.048 17.42832 18.044832 22206288
273.500 18.048 18.519072 18.068544 22431552
274.000 18.048 18.068544 18.044832 22443408
274.500 18.048 18.305664 18.044832 22573824
275.000 19.2512 19.348992 19.254144 22621248
275.500 19.2512 19.111872 19.254144 22550112
276.000 19.2512 19.183008 19.230432 22526400
276.500 19.2512 19.609824 19.254144 22704240
277.000 19.2512 18.685056 19.254144 22419696
277.500 19.2512 18.9696 19.254144 22277424
278.000 19.2512 20.582016 19.254144 22941360
278.500 19.2512 18.803616 19.254144 22716096
279.000 19.2512 19.32528 19.254144 22751664
279.500 19.2512 19.20672 19.254144 22727952
280.000 7.2192 3.79392 7.208448 21020688
280.500 7.2192 3.936192 5.80944 20084064
281.000 7.2192 9.081696 7.23216 21008832
281.500 7.2192 11.832288 7.208448 23320752
282.000 7.2192 2.798016 7.208448 21115536
282.500 7.2192 3.746496 5.951712 20012928
283.000 7.2192 8.749728 7.208448 20783568
283.500 7.2192 11.642592 7.23216 22988784
284.000 7.2192 4.481568 7.208448 21625344
284.500 7.2192 2.157792 5.762016 19823232
285.000 12.032 13.468416 12.045696 20534592
285.500 12.032 15.626208 12.021984 22336704
286.000 12.032 14.274624 12.045696 23451168
286.500 12.032 10.219872 12.021984 22550112
287.000 12.032 11.571456 12.045696 22312992
287.500 12.032 12.401376 12.021984 22502688
288.000 12.032 13.966368 12.021984 23474880
288.500 12.032 9.01056 12.045696 21957312
289.000 12.032 12.09312 12.021984 21992880
289.500 12.032 13.942656 12.045696 22941360
290.000 18.048 18.9696 18.044832 23403744
290.500 18.048 17.570592 18.044832 23166624
291.000 18.048 17.523168 18.044832 22905792
291.500 18.048 18.9696 18.044832 23368176
292.000 18.048 17.594304 18.044832 23142912
292.500 18.048 17.926272 18.044832 23083632
293.000 18.048 18.49536 18.068544 23297040
293.500 18.048 18.400512 18.044832 23474880
294.000 18.048 18.02112 18.044832 23463024
294.500 18.048 17.523168 18.044832 23202192
295.000 18.048 18.447936 18.044832 23403744
295.500 18.048 18.163392 18.044832 23463024
296.000 18.048 18.044832 18.044832 23463024
296.500 18.048 18.115968 18.044832 23498592
297.000 18.048 18.827328 18.068544 23877984
297.500 18.048 17.523168 18.044832 23617152
298.000 18.048 18.447936 18.044832 23818704
298.500 18.048 17.949984 18.044832 23771280
299.000 18.048 18.329376 18.044832 23913552
299.500 18.048 17.523168 18.044832 23652720
300.000 18.048 18.329376 18.044832 23794992
300.500 18.048 18.234528 18.068544 23877984
301.000 18.048 18.424224 18.044832 24067680
301.500 18.048 17.973696 18.044832 24032112
302.000 18.048 17.831424 18.044832 23925408
302.500 18.048 18.424224 18.044832 24115104
303.000 18.048 17.926272 18.044832 24055824
303.500 18.048 18.13968 18.044832 24103248
304.000 18.048 18.281952 18.044832 24221808
304.500 18.048 18.3768 18.068544 24375936
305.000 14.4384 14.630304 14.440608 24470784
305.500 14.4384 14.867424 14.416896 24696048
306.000 14.4384 14.013792 14.440608 24482640
306.500 14.4384 14.82 14.440608 24672336
307.000 14.4384 13.99008 14.440608 24447072
307.500 14.4384 14.369472 14.440608 24411504
308.000 14.4384 14.559168 14.440608 24470784
308.500 14.4384 14.867424 14.440608 24684192
309.000 14.4384 14.511744 14.440608 24719760
309.500 14.4384 14.179776 14.440608 24589344
310.000 7.2192 3.011424 7.208448 22490832
310.500 7.2192 5.09808 6.070272 22004736
311.000 7.2192 8.797152 7.208448 22799088
311.500 7.2192 11.784864 7.208448 25087296
312.000 7.2192 2.774304 7.23216 22858368
312.500 7.2192 3.770208 5.762016 21862464
313.000 7.2192 8.41776 7.23216 22455264
313.500 7.2192 11.02608 7.208448 24364080
314.000 7.2192 3.888768 7.208448 22704240
314.500 7.2192 4.884672 6.710496 21791328
315.000 16.8448 17.404608 16.574688 22206288
315.500 16.8448 19.586112 16.859232 23569728
316.000 16.8448 19.775808 16.83552 25039872
316.500 16.8448 17.357184 16.859232 25288848
317.000 16.8448 14.34576 16.83552 24043968
317.500 16.8448 18.993312 16.83552 25122864
318.000 16.8448 17.380896 16.859232 25383696
318.500 16.8448 14.322048 16.83552 24126960
319.000 16.8448 19.064448 16.859232 25229568
319.500 16.8448 14.606592 16.83552 24115104
320.000 7.2192 4.197024 7.208448 22609392
320.500 7.2192 5.643456 5.833152 22514544
321.000 7.2192 8.607456 7.208448 23214048
321.500 7.2192 11.429184 7.23216 25312560
322.000 7.2192 0.379392 7.208448 21898032
322.500 7.2192 7.184736 5.975424 22502688
323.000 7.2192 8.275488 7.208448 23036208
323.500 7.2192 10.291008 7.23216 24565632
324.000 7.2192 1.138176 7.018752 21625344
324.500 7.2192 8.65488 7.042464 22431552
325.000 13.2352 16.0056 13.231296 23818704
325.500 13.2352 16.456128 13.231296 25431120
326.000 13.2352 10.19616 13.231296 23913552
326.500 13.2352 13.326144 13.231296 23960976
327.000 13.2352 16.029312 13.255008 25348128
327.500 13.2352 9.627072 13.231296 23546016
328.000 13.2352 15.009696 13.231296 24435216
328.500 13.2352 15.246816 13.231296 25442976
329.000 13.2352 8.749728 13.231296 23202192
329.500 13.2352 16.029312 13.231296 24601200
330.000 12.032 13.183872 12.045696 25170288
330.500 12.032 9.01056 12.021984 23664576
331.000 12.032 13.017888 12.045696 24150672
331.500 12.032 14.156064 12.021984 25217712
332.000 12.032 9.532224 12.045696 23960976
332.500 12.032 12.638496 12.021984 24269232
333.000 12.032 14.393184 12.021984 25454832
333.500 12.032 7.208448 12.045696 23036208
334.000 12.032 13.824096 12.021984 23937264
334.500 12.032 14.179776 12.045696 25004304
335.000 2.4064 1.873248 2.394912 24743472
335.500 2.4064 0 2.418624 23534160
336.000 2.4064 0 2.394912 22336704
336.500 2.4064 1.564992 2.157792 22040304
337.000 2.4064 4.007328 2.394912 22846512
337.500 2.4064 0.924768 2.418624 22099584
338.000 2.4064 1.636128 1.991808 21921744
338.500 2.4064 3.20112 2.418624 22312992
339.000 2.4064 2.157792 2.394912 22194432
339.500 2.4064 1.564992 2.157792 21898032
340.000 19.2512 16.5984 13.136448 23629008
340.500 19.2512 19.941792 19.254144 23972832
341.000 19.2512 19.989216 19.254144 24340368
341.500 19.2512 22.004736 19.230432 25727520
342.000 19.2512 26.0832 19.254144 29142048
342.500 19.2512 0.47424 14.796288 21981024
343.000 19.2512 18.115968 13.089024 24494496
343.500 19.2512 19.5624 19.254144 24648624
344.000 19.2512 21.601632 19.254144 25822368
344.500 19.2512 19.775808 19.254144 26083200
345.000 6.016 4.457856 5.999136 25312560
345.500 6.016 0 6.022848 22301136
346.000 6.016 3.959904 3.5568 22502688
346.500 6.016 11.168352 6.022848 25075440
347.000 6.016 4.97952 6.022848 24553776
347.500 6.016 0.11856 5.09808 22064016
348.000 6.016 6.900192 5.643456 22692384
348.500 6.016 10.148736 6.022848 24755328
349.000 6.016 1.802112 5.999136 22656816
349.500 6.016 4.38672 4.718688 22490832
350.000 4.8128 7.94352 4.813536 24055824
350.500 4.8128 3.414528 4.813536 23356320
351.000 4.8128 1.7784 3.888768 22301136
351.500 4.8128 5.714592 4.813536 22751664
352.000 4.8128 6.87648 4.813536 23783136
352.500 4.8128 2.181504 4.813536 22467120
353.000 4.8128 4.528992 4.576416 22443408
353.500 4.8128 5.785728 4.789824 22941360
354.000 4.8128 6.188832 4.813536 23629008
354.500 4.8128 2.300064 4.813536 22372272
355.000 15.6416 14.630304 14.250912 22561968
355.500 15.6416 20.676864 15.64992 25075440
356.000 15.6416 17.570592 15.626208 26047632
356.500 15.6416 13.895232 15.64992 25170288
357.000 15.6416 15.270528 15.64992 24980592
357.500 15.6416 12.282816 15.626208 23308896
358.000 15.6416 20.060352 15.64992 25514112
358.500 15.6416 16.740672 15.626208 26071344
359.000 15.6416 10.267296 15.64992 23380032
359.500 15.6416 15.578784 15.64992 23344464
360.000 18.048 19.752096 18.044832 24198096
360.500 18.048 21.625344 18.044832 25988352
361.000 18.048 18.661344 18.044832 26296608
361.500 18.048 17.048928 18.044832 25798656
362.000 18.048 18.329376 18.044832 25940928
362.500 18.048 18.329376 18.068544 26071344
363.000 18.048 18.068544 18.044832 26083200
363.500 18.048 18.092256 18.044832 26106912
364.000 18.048 18.210816 18.044832 26189904
364.500 18.048 18.281952 18.044832 26308464
365.000 19.2512 19.183008 19.254144 26272896
365.500 19.2512 19.040736 19.254144 26166192
366.000 19.2512 19.159296 19.254144 26118768
366.500 19.2512 19.941792 19.254144 26462592
367.000 19.2512 19.538688 19.230432 26616720
367.500 19.2512 19.064448 19.254144 26521872
368.000 19.2512 19.301568 19.254144 26545584
368.500 19.2512 19.44384 19.254144 26640432
369.000 19.2512 19.230432 19.254144 26628576
369.500 19.2512 19.586112 19.254144 26794560
370.000 6.016 3.08256 6.022848 25324416
370.500 6.016 1.043328 4.766112 23463024
371.000 6.016 8.678592 6.022848 24790896
371.500 6.016 7.066176 5.999136 25324416
372.000 6.016 1.256736 5.477472 23214048
372.500 6.016 7.753824 5.785728 24198096
373.000 6.016 7.137312 5.999136 24767184
373.500 6.016 6.307392 6.022848 24909456
374.000 6.016 3.651648 6.022848 23723856
374.500 6.016 7.327008 5.999136 24387792
375.000 14.4384 19.91808 14.440608 27126528
375.500 14.4384 14.70144 14.440608 27256944
376.000 14.4384 11.808576 14.440608 25940928
376.500 14.4384 16.5984 14.440608 27019824
377.000 14.4384 14.962272 14.440608 27280656
377.500 14.4384 10.030176 14.440608 25075440
378.000 14.4384 13.895232 14.440608 24802752
378.500 14.4384 18.898464 14.440608 27031680
379.000 14.4384 15.104544 14.440608 27363648
379.500 14.4384 13.729248 14.440608 27007968
380.000 3.6096 0 3.604224 25205856
380.500 3.6096 0 3.604224 23403744
381.000 3.6096 4.244448 2.84544 24103248
381.500 3.6096 5.904288 3.604224 25253280
382.000 3.6096 0.758784 3.627936 23818704
382.500 3.6096 2.798016 2.940288 23747568
383.000 3.6096 4.576416 3.604224 24233664
383.500 3.6096 5.074368 3.604224 24968736
384.000 3.6096 0.35568 3.5568 23368176
384.500 3.6096 3.936192 3.035136 23818704
385.000 7.2192 7.990944 7.23216 24198096
385.500 7.2192 13.563264 7.208448 27375504
386.000 7.2192 1.351584 7.23216 24435216
386.500 7.2192 3.390816 5.121792 23569728
387.000 7.2192 8.322912 7.208448 24126960
387.500 7.2192 11.61888 7.23216 26320320
388.000 7.2192 5.880576 7.208448 25656384
388.500 7.2192 3.248544 7.089888 23735712
389.000 7.2192 8.204352 7.23216 24221808
389.500 7.2192 10.883808 7.208448 26059488
390.000 19.2512 20.748 19.254144 26806416
390.500 19.2512 20.202624 19.254144 27280656
391.000 19.2512 16.977792 19.254144 26142480
391.500 19.2512 15.436512 19.254144 24233664
392.000 19.2512 24.447072 19.254144 26830128
392.500 19.2512 20.297472 19.254144 27351792
393.000 19.2512 18.044832 19.254144 26747136
393.500 19.2512 19.254144 19.230432 26758992
394.000 19.2512 19.846944 19.254144 27055392
394.500 19.2512 19.989216 19.254144 27422928
395.000 15.6416 15.697344 15.64992 27446640
395.500 15.6416 5.050656 12.306528 23818704
396.000 15.6416 17.90256 15.602496 24968736
396.500 15.6416 20.605728 15.64992 27446640
397.000 15.6416 16.24272 15.626208 27754896
397.500 15.6416 9.152832 15.64992 24506352
398.000 15.6416 21.293376 15.64992 27328080
398.500 15.6416 16.266432 15.626208 27648192
399.000 15.6416 14.843712 15.64992 27245088
399.500 15.6416 15.578784 15.64992 27209520
400.000 19.2512 19.965504 19.230432 27577056
400.500 19.2512 18.49536 19.254144 27197664
401.000 19.2512 19.633536 19.254144 27387360
401.500 19.2512 19.467552 19.254144 27494064
402.000 19.2512 19.254144 19.254144 27494064
402.500 19.2512 20.012928 19.254144 27873456
403.000 19.2512 18.922176 19.254144 27707472
403.500 19.2512 19.064448 19.254144 27612624
404.000 19.2512 19.704672 19.230432 27849744
404.500 19.2512 19.135584 19.254144 27790464
405.000 6.016 3.5568 6.022848 26557440
405.500 6.016 0.640224 4.671264 24541920
406.000 6.016 8.322912 5.999136 25703808
406.500 6.016 7.777536 6.022848 26581152
407.000 6.016 1.30416 5.643456 24411504
407.500 6.016 6.923904 5.169216 25288848
408.000 6.016 7.303296 5.999136 25940928
408.500 6.016 11.2632 6.022848 28561104
409.000 6.016 0.426816 6.022848 25763088
409.500 6.016 2.964 4.884672 24802752
410.000 3.6096 4.813536 3.604224 25407408
410.500 3.6096 4.197024 3.604224 25703808
411.000 3.6096 0.995904 3.248544 24577488
411.500 3.6096 4.552704 3.604224 25051728
412.000 3.6096 4.244448 3.604224 25371840
412.500 3.6096 8.986848 3.604224 28063152
413.000 3.6096 0 3.627936 26249184
413.500 3.6096 0 3.604224 24447072
414.000 3.6096 3.699072 3.011424 24790896
414.500 3.6096 4.220736 3.604224 25099152
415.000 1.2032 1.114464 1.209312 25051728
415.500 1.2032 0 1.209312 24447072
416.000 1.2032 1.54128 1.090752 24672336
416.500 1.2032 1.588704 1.209312 24862032
417.000 1.2032 0.379392 1.209312 24447072
417.500 1.2032 1.470144 1.090752 24636768
418.000 1.2032 1.493856 1.209312 24779040
418.500 1.2032 1.256736 1.209312 24802752
419.000 1.2032 0.189696 0.901056 24447072
419.500 1.2032 1.588704 1.1856 24648624
420.000 7.2192 7.137312 6.852768 24790896
420.500 7.2192 13.966368 7.208448 28169856
421.000 7.2192 1.327872 7.23216 25217712
421.500 7.2192 2.72688 4.03104 24565632
422.000 7.2192 8.370336 7.208448 25146576
422.500 7.2192 12.828192 7.23216 27944592
423.000 7.2192 1.327872 7.208448 25004304
423.500 7.2192 5.382624 5.904288 24743472
424.000 7.2192 8.370336 7.208448 25324416
424.500 7.2192 11.950848 7.23216 27683760
425.000 6.016 1.470144 6.022848 25407408
425.500 6.016 3.390816 4.600128 24802752
426.000 6.016 7.137312 5.999136 25371840
426.500 6.016 10.101312 6.022848 27411072
427.000 6.016 3.058848 6.022848 25929072
427.500 6.016 1.517568 4.339296 24518208
428.000 6.016 7.137312 5.999136 25087296
428.500 6.016 7.327008 6.022848 25739376
429.000 6.016 8.465184 6.022848 26960544
429.500 6.016 0.758784 5.667168 24506352
430.000 9.6256 10.43328 9.36624 25039872
430.500 9.6256 12.519936 9.627072 26486304
431.000 9.6256 10.622976 9.627072 26984256
431.500 9.6256 9.223968 9.627072 26782704
432.000 9.6256 9.034272 9.60336 26498160
432.500 9.6256 10.954944 9.627072 27162096
433.000 9.6256 8.06208 9.627072 26379600
433.500 9.6256 9.816768 9.627072 26474448
434.000 9.6256 10.90752 9.627072 27114672
434.500 9.6256 7.872384 9.627072 26237328
435.000 18.048 18.708768 18.044832 26569296
435.500 18.048 19.420128 18.044832 27256944
436.000 18.048 20.368608 18.068544 28406976
436.500 18.048 29.28432 18.044832 34026720
437.000 18.048 3.035136 18.044832 26521872
437.500 18.048 14.725152 17.760288 25004304
438.000 18.048 21.862464 18.044832 26913120
438.500 18.048 19.254144 18.044832 27517776
439.000 18.048 20.131488 18.044832 28561104
439.500 18.048 17.618016 18.068544 28335840
440.000 10.8288 3.770208 10.812672 24814608
440.500 10.8288 12.68592 10.741536 25786800
441.000 10.8288 14.274624 10.836384 27505920
441.500 10.8288 9.887904 10.812672 27043536
442.000 10.8288 8.014656 10.694112 25703808
442.500 10.8288 13.681824 10.812672 27138384
443.000 10.8288 12.377664 10.836384 27909024
443.500 10.8288 7.46928 10.836384 26225472
444.000 10.8288 11.476608 10.812672 26557440
444.500 10.8288 12.780768 10.836384 27529632
445.000 18.048 19.965504 18.044832 28489968
445.500 18.048 15.815904 18.044832 27375504
446.000 18.048 17.238624 18.044832 26972400
446.500 18.048 20.819136 18.068544 28347696
447.000 18.048 19.017024 18.044832 28833792
447.500 18.048 16.290144 18.044832 27956448
448.000 18.048 18.898464 18.044832 28383264
448.500 18.048 18.590208 18.044832 28655952
449.000 18.048 17.807712 18.044832 28537392
449.500 18.048 18.02112 18.044832 28525536
450.000 6.016 3.248544 6.022848 27138384
450.500 6.016 1.991808 4.718688 25774944
451.000 6.016 7.46928 6.022848 26498160
451.500 6.016 7.161024 5.999136 27079104
452.000 6.016 1.991808 5.21664 25466688
452.500 6.016 7.137312 6.022848 26023920
453.000 6.016 7.279584 6.022848 26652288
453.500 6.016 10.78896 5.999136 29047200
454.000 6.016 0 6.022848 26035776
454.500 6.016 4.197024 4.884672 25691952
455.000 6.016 7.089888 6.022848 26225472
455.500 6.016 7.374432 6.022848 26901264
456.000 6.016 8.465184 5.999136 28134288
456.500 6.016 0 5.951712 25158432
457.000 6.016 6.236256 4.932096 25810512
457.500 6.016 7.042464 6.022848 26320320
458.000 6.016 10.931232 6.022848 28774512
458.500 6.016 2.892864 6.022848 27209520
459.000 6.016 0.82992 4.789824 25229568
459.500 6.016 7.255872 6.022848 25846080
460.000 6.016 7.208448 5.999136 26450736
460.500 6.016 10.31472 6.022848 28596672
461.000 6.016 1.043328 6.022848 26106912
461.500 6.016 3.79392 4.86096 25573392
462.000 6.016 6.947616 6.022848 26035776
462.500 6.016 10.243584 6.022848 28146144
463.000 6.016 4.7424 5.999136 27517776
463.500 6.016 0.94848 5.548608 25217712
464.000 6.016 7.137312 5.999136 25786800
464.500 6.016 7.089888 6.022848 26320320
465.000 6.016 9.413664 6.022848 28015728
465.500 6.016 0.82992 5.999136 25431120
466.000 6.016 6.236256 5.785728 25656384
466.500 6.016 7.018752 6.022848 26154336
467.000 6.016 9.200256 6.022848 27743040
467.500 6.016 3.153696 6.022848 26308464
468.000 6.016 4.789824 5.999136 25703808
468.500 6.016 7.161024 6.022848 26272896
469.000 6.016 8.275488 6.022848 27399216
469.500 6.016 2.72688 5.999136 25763088
470.000 18.048 16.95408 16.930368 25774944
470.500 18.048 20.084064 18.044832 26794560
471.000 18.048 20.060352 18.044832 27802320
471.500 18.048 20.890272 18.044832 29225040
472.000 18.048 15.317952 18.044832 27861600
472.500 18.048 16.811808 18.044832 27245088
473.000 18.048 19.79952 18.044832 28122432
473.500 18.048 20.297472 18.068544 29236896
474.000 18.048 18.637632 18.044832 29533296
474.500 18.048 14.82 18.044832 27920880
475.000 1.2032 1.825824 1.209312 28229136
475.500 1.2032 0 1.1856 27636336
476.000 1.2032 0 1.209312 27031680
476.500 1.2032 0 1.209312 26427024
477.000 1.2032 0 1.209312 25822368
477.500 1.2032 0.545376 1.043328 25573392
478.000 1.2032 2.60832 1.1856 26284752
478.500 1.2032 0 1.209312 25680096
479.000 1.2032 0.877344 0.995904 25620816
479.500 1.2032 1.754688 1.1856 25905360
480.000 18.048 18.400512 14.511744 27849744
480.500 18.048 19.135584 18.044832 28395120
481.000 18.048 19.609824 18.068544 29165760
481.500 18.048 18.756192 18.044832 29521440
482.000 18.048 15.934464 18.044832 28466256
482.500 18.048 19.396416 18.044832 29142048
483.000 18.048 18.827328 18.044832 29533296
483.500 18.048 16.0056 18.044832 28513680
484.000 18.048 18.471648 18.044832 28727088
484.500 18.048 17.855136 18.044832 28632240
485.000 6.016 3.91248 6.022848 27577056
485.500 6.016 0.450528 4.173312 25715664
486.000 6.016 9.342528 5.904288 27434784
486.500 6.016 3.91248 6.022848 26379600
487.000 6.016 3.651648 4.291872 26059488
487.500 6.016 8.06208 5.999136 27090960
488.000 6.016 11.02608 6.022848 29592576
488.500 6.016 0.5928 6.022848 26877552
489.000 6.016 2.869152 4.552704 26035776
489.500 6.016 7.445568 6.022848 26747136
490.000 16.8448 21.079968 16.859232 28857504
490.500 16.8448 18.25824 16.83552 29568864
491.000 16.8448 16.0056 16.83552 29153904
491.500 16.8448 16.195296 16.859232 28821936
492.000 16.8448 17.380896 16.83552 29094624
492.500 16.8448 18.068544 16.859232 29699280
493.000 16.8448 15.29424 16.83552 28928640
493.500 16.8448 18.092256 16.83552 29557008
494.000 16.8448 17.594304 16.859232 29924544
494.500 16.8448 11.571456 16.83552 27292512
495.000 12.032 13.51584 12.045696 28027584
495.500 12.032 3.67536 7.398144 26166192
496.000 12.032 14.250912 12.021984 27280656
496.500 12.032 16.882944 12.021984 29711136
497.000 12.032 4.694976 11.524032 26296608
497.500 12.032 14.10864 12.021984 27339936
498.000 12.032 16.503552 12.021984 29580720
498.500 12.032 6.070272 12.045696 26593008
499.000 12.032 14.250912 12.021984 27707472
499.500 12.032 15.104544 12.045696 29236896
