0
2
6
8
10
12
16
34
34
38
38
38
38
38
38
42
44
46
48
66
66
66
66
66
66
68
70
72
76
78
80
86
88
90
92
96
98
100
102
120
120
120
120
120
120
122
124
126
144
144
144
144
144
144
146
164
164
164
164
164
164
166
168
170
172
174
178
181
182
184
188
190
208
208
208
208
208
208
210
212
214
216
218
222
224
226
244
246
246
246
246
246
248
250
252
254
258
260
262
264
268
270
272
274
294
296
298
298
298
298
298
300
302
306
308
326
326
326
326
326
326
340
340
340
340
340
342
344
346
348
352
354
356
358
360
365
366
368
370
374
376
378
380
384
386
388
390
394
396
398
400
402
406
408
410
412
433
433
436
436
436
444
446
446
446
456
456
456
456
458
476
476
476
476
476
476
476
478
498
498
498
498
498
498
498
500
504
506
508
510
512
516
518
520
522
526
528
546
546
550
550
550
550
550
568
568
568
568
568
568
568
570
574
576
578
580
584
586
588
590
592
596
598
600
602
606
608
610
612
616
618
620
622
624
628
630
632
634
638
640
642
644
664
664
664
664
664
664
664
666
668
672
674
676
694
694
694
694
694
706
706
706
706
706
724
724
724
724
724
724
724
726
746
748
748
748
748
748
750
768
768
768
776
778
780
782
782
790
790
790
792
794
796
798
816
816
816
816
816
816
818
820
822
826
828
830
832
836
838
840
842
846
848
850
852
854
858
860
862
864
868
870
872
874
878
880
882
884
886
906
906
906
906
906
906
906
908
912
914
916
918
922
924
926
928
930
934
936
938
956
956
956
956
956
956
974
974
974
974
974
974
974
976
980
982
984
986
990
992
994
996
998
1017
1020
1020
1020
1020
1020
1020
1022
1026
1028
1046
1046
1046
1046
1056
1056
1056
1056
1056
1056
1058
1062
1064
1066
1068
1070
1074
1076
1094
1094
1094
1094
1094
1094
1096
1098
1100
1102
1120
1120
1126
1128
1128
1128
1128
1140
1140
1140
1140
1140
1142
1146
1148
1150
1152
1154
1158
1160
1178
1178
1178
1178
1178
1178
1180
1182
1200
1200
1200
1200
1200
1200
1200
1204
1206
1208
1210
1214
1216
1218
1220
1222
1226
1228
1246
1246
1252
1252
1252
1252
1252
1252
1270
1270
1270
1270
1270
1270
1270
1290
1292
1294
1294
1294
1294
1312
1312
1312
1312
1322
1322
1322
1322
1322
1322
1324
1344
1346
1348
1348
1352
1352
1352
1354
1356
1360
1362
1364
1366
1384
1388
1388
1388
1388
1388
1388
1390
1392
1396
1414
1416
1416
1416
1416
1416
1416
1420
1422
1424
1442
1444
1446
1446
1446
1446
1448
1450
1452
1454
1458
1460
1462
1464
1466
1470
1472
1474
1476
1480
1482
1484
1486
1490
1492
1494
1496
1500
1502
1504
1506
1508
1512
1514
1516
1518
1522
1524
1526
1528
1532
1534
1536
1538
1542
1544
1546
1548
1550
1554
1556
1558
1560
1564
1566
1568
1570
1574
1576
1578
1580
1582
1602
1602
1602
1602
1602
1602
1602
1604
1608
1626
1628
1628
1628
1628
1628
1628
1630
1634
1636
1638
1656
1658
1658
1658
1658
1658
1660
1662
1664
1666
1670
1672
1674
1676
1680
1682
1684
1686
1690
1692
1694
1696
1698
1702
1704
1706
1708
1712
1730
1730
1730
1730
1730
1742
1744
1744
1744
1744
1756
1756
1756
1756
1756
1758
1763
1764
1766
1768
1770
1774
1776
1778
1780
1784
1786
1788
1790
1794
1796
1798
1800
1802
1806
1808
1810
1812
1832
1834
1836
1838
1838
1838
1838
1840
1842
1846
1848
1850
1852
1872
1872
1872
1872
1872
1872
1874
1876
1880
1882
1884
1886
1888
1892
1894
1896
1898
1902
1904
1906
1908
1912
1914
1916
1918
1920
1924
1926
1928
1930
1934
1952
1952
1952
1952
1952
1952
1952
1954
1958
1960
1962
1980
1980
1980
1980
1980
1980
1982
1984
1986
1988
1992
1994
1996
1998
2002
2004
2006
2008
2012
2014
2032
2034
2034
2034
2034
2034
2034
2038
2040
2058
2058
2058
2058
2058
2058
2060
2062
2064
2066
2068
2088
2088
2088
2088
2088
2088
2088
2090
2094
2096
2098
2100
2102
2106
2108
2110
2128
2128
2128
2128
2128
2128
2130
2132
2134
2136
2140
2142
2160
2160
2160
2160
2160
2160
2162
2180
2182
2184
2186
2190
2190
2190
2190
2194
2196
2198
2200
2204
2206
2208
2210
2212
2216
2218
2220
2222
2226
2228
2230
2232
2236
2238
2256
2258
2260
2260
2260
2260
2260
2264
2266
2268
2270
2274
2292
2292
2292
2292
2292
2292
2292
2294
2298
2300
2302
2304
2308
2310
2312
2314
2318
2337
2337
2338
2342
2344
2346
2348
2352
2354
2356
2358
2360
2364
2366
2368
2370
2374
2376
2378
2380
2384
2386
2388
2406
2408
2408
2408
2408
2408
2410
2412
2414
2416
2420
2422
2424
2426
2444
2444
2444
2444
2444
2444
2462
2462
2466
2466
2472
2472
2472
2472
2472
2474
2476
2478
2482
2484
2486
2488
2492
2494
2496
2514
2514
2514
2514
2514
2514
2528
2528
2528
2528
2528
2547
2547
2547
2547
2547
2558
2558
2558
2566
2566
2566
2566
2566
2568
2570
2573
2576
2578
2580
2582
2584
2588
2590
2592
2594
2598
2600
2602
2604
2608
2610
2612
2630
2632
2632
2632
2632
2632
2634
2636
2638
2640
2644
2646
2648
2650
2654
2656
2658
2660
2662
2666
2668
2670
2672
2676
2678
2680
2698
2698
2698
2698
2698
2698
2700
2702
2704
2706
2710
2712
2714
2716
2720
2722
2724
2726
2728
2732
2734
2736
2738
2742
2760
2760
2760
2760
2760
2760
2760
2762
2766
2768
2770
2772
2776
2778
2780
2782
2786
2788
2790
2792
2796
2798
2800
2818
2818
2822
2822
2822
2822
2822
2840
2842
2842
2842
2842
2842
2842
2844
2848
2850
2852
2854
2858
2860
2878
2880
2884
2884
2884
2884
2892
2892
2892
2894
2896
2900
2918
2920
2922
2922
2922
2922
2922
2924
2944
2946
2946
2946
2952
2952
2952
2952
2954
2956
2958
2960
2962
2966
2968
2970
2972
2976
2978
2980
2982
3002
3004
3004
3004
3004
3004
3004
3006
3008
3012
3014
3016
3018
3022
3024
3026
3028
3032
3034
3036
3038
3040
3044
3046
3048
3050
3068
3068
3068
3068
3068
3068
3070
3072
3074
3092
3092
3092
3092
3092
3092
3094
3096
3100
3102
3104
3122
3122
3128
3128
3128
3128
3128
3128
3130
3132
3136
3138
3140
3158
3158
3164
3164
3164
3170
3170
3178
3182
3182
3182
3182
3182
3186
3188
3192
3210
3210
3210
3210
3224
3224
3224
3224
3242
3242
3242
3242
3256
3262
3264
3266
3274
3286
3288
3294
3296
3298
3300
3318
3320
3324
3326
3328
3332
3338
3350
3352
3358
3360
3362
3364
3382
3384
3388
3390
3392
3392
3402
3410
3412
3416
3420
3422
3424
3434
3434
3434
3434
3454
3456
3458
3460
3462
3466
3486
3488
3488
3490
3490
3496
3498
3510
3516
3518
3520
3522
3528
3540
3542
3546
3550
3552
3554
3560
3560
3562
3564
3582
3582
3588
3590
3592
3594
3600
3600
3602
3604
3608
3610
3612
3616
3618
3620
3624
3626
3630
3634
3636
3640
3644
3648
3652
3654
3656
3662
3666
3670
3674
3680
3700
3700
3700
3704
3712
3718
3724
3734
3738
3746
3752
3756
3762
3766
3770
3774
3778
3782
3786
3788
3792
3796
3800
3804
3808
3812
3814
3818
3822
3824
3828
3832
3834
3836
3840
3842
3844
3848
3852
3856
3858
3862
3864
3868
3870
3872
3876
3880
3884
3888
3892
3896
3900
3904
3908
3914
3920
3924
3928
3932
3952
3952
3952
3952
3952
3954
3958
3962
3966
3970
3976
3980
3986
3994
3998
4002
4008
4014
4020
4028
4034
4044
4054
4062
4070
4078
4092
4098
4106
4110
4118
4124
4130
4134
4138
4140
4146
4149
4152
4156
4160
4166
4172
4176
4184
4192
4200
4218
4218
4226
4234
4240
4246
4252
4256
4260
4266
4270
4274
4278
4284
4288
4292
4298
4304
4310
4316
4320
4324
4328
4334
4336
4340
4344
4348
4368
4368
4368
4368
4370
4372
4374
4378
4380
4398
4398
4398
4398
4410
4412
4412
4412
4412
4412
4432
4434
4436
4438
4440
4440
4440
4442
4446
4448
4450
4452
4454
4458
4460
4463
4466
4468
4470
4474
4476
4478
4482
4484
4486
4488
4492
4494
4496
4498
4502
4504
4506
4508
4510
4514
4516
4520
4522
4524
4528
4530
4532
4534
4538
4540
4542
4544
4548
4550
4552
4554
4558
4560
4562
4566
4568
4570
4574
4576
4578
4580
4584
4586
4588
4590
4594
4596
4598
4600
4604
4606
4608
4610
4614
4616
4618
4620
4622
4626
4628
4630
4632
4636
4638
4640
4642
4646
4648
4650
4652
4654
4658
4660
4678
4680
4682
4682
4682
4682
4684
4686
4688
4692
4694
4696
4700
4718
4718
4718
4718
4718
4718
4718
4722
4724
4726
4730
4732
4734
4738
4742
4744
4748
4750
4752
4754
4758
4776
4776
4776
4776
4776
4776
4778
4780
4782
4786
4788
4790
4792
4796
4798
4800
4802
4806
4808
4810
4812
4814
4818
4820
4822
4824
4828
4830
4832
4834
4838
4840
4842
4844
4848
4850
4852
4854
4856
4860
4862
4864
4866
4870
4872
4874
4876
4880
4882
4884
4886
4888
4892
4894
4896
4898
4902
4904
4906
4908
4912
4914
4916
4918
4920
4924
4926
4928
4932
4934
4936
4940
4942
4946
4948
4950
4952
4972
4972
4976
4978
4978
4978
4980
4982
4984
4986
4990
5008
5010
5012
5012
5012
5012
5012
5014
5018
5020
5024
5026
5028
5032
5036
5038
5040
5042
5046
5048
5050
5055
5058
5059
5062
5064
5066
5068
5072
5074
5076
5078
5082
5084
5086
5088
5092
5094
5096
5100
5102
5104
5108
5110
5114
5132
5132
5132
5132
5142
5142
5142
5142
5142
5144
5148
5152
5154
5158
5178
5178
5178
5178
5182
5186
5188
5192
5196
5198
5202
5204
5206
5210
5212
5214
5218
5220
5222
5240
5240
5240
5240
5240
5254
5254
5254
5254
5254
5256
5258
5260
5262
5266
5268
5270
5272
5276
5278
5280
5282
5284
5288
5306
5306
5306
5306
5306
5306
5306
5310
5312
5314
5316
5320
5322
5324
5328
5330
5332
5336
5338
5340
5342
5346
5348
5350
5352
5356
5358
5360
5362
5364
5384
5386
5386
5386
5386
5386
5388
5390
5394
5396
5398
5400
5404
5406
5408
5410
5414
5416
5418
5420
5438
5442
5442
5442
5442
5442
5444
5446
5450
5452
5454
5458
5460
5464
5466
5470
5472
5474
5476
5480
5482
5484
5488
5490
5492
5496
5498
5500
5502
5506
5508
5526
5526
5526
5526
5526
5538
5540
5540
5540
5550
5550
5558
5558
5558
5558
5572
5572
5572
5572
5572
5572
5576
5578
5580
5584
5586
5588
5590
5608
5608
5614
5616
5618
5622
5626
5628
5646
5648
5648
5648
5648
5648
5648
5667
5670
5672
5674
5678
5680
5684
5698
5702
5702
5702
5702
5706
5724
5725
5727
5729
5731
5735
5737
5739
5742
5745
5747
5749
5767
5772
5774
5776
5777
5780
5798
5800
5802
5806
5808
5808
5808
5826
5830
5832
5834
5836
5836
5854
5856
5856
5856
5856
5866
5868
5868
5868
5868
5886
5888
5888
5888
5888
5888
5906
5908
5908
5912
5916
5918
5920
5920
5940
5946
5946
5946
5946
5946
5946
5946
5950
5952
5954
5956
5958
5962
5964
5966
5984
5984
5984
5992
5994
5998
5998
5998
5998
6018
6018
6018
6018
6018
6018
6020
6022
6024
6028
6030
6032
6050
6054
6054
6054
6054
6054
6072
6074
6076
6076
6076
6076
6076
6078
6082
6100
6102
6104
6108
6110
6112
6114
6134
6136
6136
6136
6136
6136
6140
6142
6144
6146
6164
6164
6164
6164
6176
6176
6176
6176
6176
6176
6194
6196
6198
6202
6202
6206
6208
6226
6228
6230
6232
6234
6234
6234
6236
6240
6242
6246
6248
6250
6254
6258
6260
6264
6268
6272
6276
6280
6286
6290
6296
6302
6310
6314
6320
6326
6330
6334
6338
6342
6346
6348
6352
6354
6358
6362
6366
6370
6374
6378
6382
6384
6388
6392
6394
6396
6400
6402
6406
6408
6410
6414
6418
6420
6424
6428
6430
6434
6436
6438
6442
6446
6448
6452
6456
6460
6465
6468
6472
6478
6484
6490
6498
6504
6514
6521
6522
6528
6536
6544
6551
6552
6564
6572
6576
6592
6593
6605
6607
6618
6621
6630
6631
6640
6640
6650
6658
6662
6664
6666
6667
6670
6672
6676
6680
6686
6690
6691
6692
6692
6697
6700
6706
6708
6712
6718
6720
6728
6732
6742
6744
6756
6763
6772
6782
6789
6808
6810
6829
6840
6844
6862
6870
6886
6903
6946
6967
6978
6996
7014
7018
7032
7046
7050
7064
7088
7106
7116
7116
7117
7117
7124
7126
7136
7138
7143
7150
7151
7164
7168
7176
7190
7193
7200
7201
7206
7225
7226
7226
7227
7235
7240
7246
7248
7255
7262
7266
7266
7272
7292
7300
7303
7303
7303
7316
7320
7320
7323
7328
7330
7350
7368
7369
7369
7369
7374
7378
7380
7387
7392
7396
7399
7402
7404
7409
7417
7422
7424
7430
7441
7454
7456
7460
7460
7476
7478
7478
7488
7490
7497
7504
7507
7510
7512
7520
7528
7533
7544
7544
7554
7554
7569
7574
7590
7598
7604
7616
7616
7622
7624
7630
7638
7648
7648
7650
7662
7664
7670
7680
7680
7692
7700
7714
7748
7750
7752
7776
7780
7782
7786
7794
7806
7808
7812
7818
7820
7822
7833
7834
7838
7850
7858
7864
7870
7876
7876
7882
7886
7894
7898
7905
7908
7912
7935
7944
7954
7960
7982
7984
7988
7996
8026
8032
8046
8072
8076
8086
8124
8136
8144
8156
8172
8174
8184
8191
8199
8204
8211
8212
8222
8224
8231
8237
8248
8256
8280
8284
8298
8300
8304
8314
8326
8328
8333
8336
8342
8350
8354
8366
8368
8378
8384
8385
8402
8412
8416
8420
8434
8434
8440
8442
8452
8455
8462
8462
8468
8471
8472
8480
8484
8496
8500
8529
8530
8540
8542
8547
8552
8552
8570
8580
8584
8589
8596
8596
8606
8616
8616
8622
8626
8628
8638
8642
8646
8650
8662
8680
8682
8694
8696
8700
8710
8716
8720
8722
8728
8734
8736
8748
8752
8759
8766
8774
8780
8790
8800
8802
8804
8806
8820
8824
8825
8830
8834
8836
8847
8850
8850
8868
8876
8884
8886
8900
8906
8920
8920
8922
8928
8938
8946
8946
8950
8966
8967
8978
8993
8997
8997
9002
9010
9018
9024
9030
9034
9044
9052
9062
9072
9074
9088
9094
9102
9108
9108
9124
9126
9134
9138
9141
9142
9162
9170
9172
9176
9180
9188
9192
9192
9206
9208
9226
9228
9240
9246
9252
9270
9272
9276
9286
9297
9299
9300
9308
9308
9318
9324
9329
9334
9338
9352
9356
9364
9370
9387
9392
9400
9404
9426
9434
9437
9438
9449
9450
9462
9464
9466
9491
9500
9502
9502
9508
9516
9522
9524
9536
9536
9550
9552
9566
9588
9596
9602
9608
9638
9638
9644
9655
9656
9666
9684
9684
9684
9692
9694
9700
9702
9704
9714
9718
9726
9732
9744
9746
9752
9754
9758
9760
9772
9772
9774
9802
9804
9812
9814
9830
9837
9850
9860
9860
9868
9872
9875
9875
9886
9886
9888
9890
9897
9906
9916
9920
9920
9926
9932
9940
9940
9950
9951
9952
9968
9976
9984
9988
10010
10016
10020
10026
10038
10044
10050
10052
10058
10063
10068
10070
10084
10088
10120
10124
10127
10136
10170
10170
10182
10190
10190
10200
10206
10210
10211
10222
10228
10236
10248
10252
10257
10268
10280
10280
10294
10302
10318
10348
10350
10358
10374
10378
10381
10382
10389
10404
10411
10416
10418
10426
10430
10442
10455
10460
10476
10480
10489
10500
10510
10511
10520
10520
10527
10532
10546
10547
10554
10565
10574
10580
10585
10588
10592
10610
10610
10611
10632
10646
10648
10651
10654
10656
10665
10665
10668
10676
10684
10685
10695
10707
10708
10717
10718
10725
10738
10743
10747
10747
10759
10765
10773
10775
10787
10788
10801
10814
10814
10821
10844
10852
10862
10866
10879
10888
10891
10900
10902
10908
10915
10918
10920
10937
10938
10948
10948
10959
10973
10994
10996
11004
11004
11005
11019
11026
11028
11034
11042
11050
11051
11063
11078
11087
11087
11093
11098
11100
11123
11123
11123
11133
11134
11140
11167
11168
11169
11199
11203
11204
11209
11224
11232
11247
11259
11262
11263
11264
11265
11276
11303
11308
11310
11316
11318
11335
11343
11355
11368
11376
11377
11385
11390
11391
11395
11405
11411
11416
11419
11421
11426
11433
11447
11475
11475
11475
11477
11483
11489
11495
11503
11504
11504
11505
11509
11518
11525
11531
11537
11557
11559
11559
11565
11566
11566
11571
11573
11579
11591
11601
11616
11623
11623
11628
11632
11644
11645
11651
11661
11663
11677
11694
11696
11699
11700
11724
11724
11736
11746
11747
11754
11765
11771
11778
11806
11810
11813
11827
11830
11843
11846
11848
11860
11865
11870
11872
11887
11894
11914
11914
11928
11942
11942
11962
11963
11966
11972
11978
11996
12002
12022
12059
12060
12076
12080
12114
12132
12152
12152
12184
12190
12190
12190
12198
12214
12224
12238
12250
12253
12259
12268
12268
12278
12288
12318
12324
12330
12348
12350
12366
12372
12388
12390
12398
12420
12426
12433
12438
12442
12454
12468
12471
12484
12502
12512
12515
12518
12536
12542
12547
12559
12564
12572
12588
12600
12601
12606
12610
12618
12628
12639
12648
12658
12669
12684
12689
12694
12696
12709
12713
12714
12721
12729
12730
12734
12747
12750
12754
12765
12777
12778
12781
12784
12792
12797
12804
12813
12826
12828
12838
12851
12858
12863
12874
12878
12878
12885
12894
12908
12914
12922
12928
12938
12942
12950
12955
12962
12964
12977
12987
12992
12996
13014
13019
13028
13032
13032
13056
13056
13058
13068
13086
13087
13098
13098
13103
13112
13130
13144
13148
13148
13152
13162
13168
13178
13188
13199
13204
13207
13232
13238
13241
13244
13252
13268
13268
13270
13276
13286
13295
13302
13308
13310
13330
13342
13348
13358
13372
13372
13378
13398
13410
13412
13422
13428
13446
13454
13464
13466
13468
13493
13508
13515
13518
13535
13538
13548
13558
13559
13559
13570
13570
13578
13584
13598
13598
13607
13608
13611
13636
13639
13645
13648
13653
13661
13668
13669
13682
13691
13698
13724
13748
13760
13772
13794
13798
13810
13818
13823
13830
13842
13848
13856
13863
13870
13878
13886
13886
13893
13896
13896
13896
13902
13908
13915
13916
13916
13932
13956
13958
13976
13982
13986
14004
14008
14016
14036
14071
14077
14082
14098
14108
14126
14143
14148
14158
14173
14177
14198
14198
14221
14237
14240
14248
14250
14277
14281
14282
14291
14292
14304
14306
14317
14317
14324
14328
14337
14350
14355
14357
14358
14358
14381
14384
14406
14427
14428
14438
14461
14463
14475
14484
14486
14488
14498
14498
14498
14507
14526
14531
14537
14543
14546
14562
14574
14588
14594
14616
14626
14634
14666
14671
14680
14715
14728
14734
14737
14741
14762
14774
14786
14800
14814
14828
14830
14838
14846
14847
14868
14869
14878
14886
14896
14910
14917
14928
14934
14937
14937
14958
14968
14977
14988
15025
15027
15036
15048
15059
15079
15082
15087
15093
15112
15121
15121
15135
15137
15138
15151
15176
15176
15177
15223
15228
15237
15238
15239
15264
15271
15277
15278
15289
15314
15326
15327
15331
15338
15348
15349
15368
15377
15385
15395
15396
15408
15417
15418
15430
15456
15461
15466
15468
15479
15486
15501
15504
15507
15518
15542
15545
15557
15568
15574
15583
15597
15622
15628
15636
15642
15647
15664
15678
15686
15694
15700
15736
15738
15747
15753
15758
15777
15779
15790
15796
15797
15819
15828
15830
15832
15857
15865
15900
15902
15917
15922
15924
15929
15930
15955
15956
15958
15982
15992
16006
16008
16024
16028
16040
16057
16060
16063
16086
16088
16097
16120
16122
16128
16136
16136
16142
16157
16186
16189
16202
16218
16228
16237
16248
16249
16267
16268
16277
16280
16287
16288
16297
16308
16314
16317
16328
16348
16355
16356
16366
16382
16390
16408
16415
16416
16416
16436
16445
16447
16448
16454
16468
16477
16477
16482
16488
16516
16517
16538
16540
16566
16582
16592
16608
16616
16617
16617
16647
16648
16652
16656
16677
16698
16700
16712
16716
16726
16747
16748
16767
16772
16777
16798
16807
16808
16819
16836
16847
16848
16861
16862
16866
16870
16877
16893
16898
16898
16909
16917
16918
16931
16934
16948
16963
16967
16977
17008
17012
17017
17044
17137
17146
17167
17168
17184
17202
17229
17230
17248
17256
17258
17263
17268
17280
17283
17288
17296
17318
17321
17356
17358
17389
17417
17418
17431
17438
17444
17447
17453
17453
17467
17481
17496
17499
17508
17510
17512
17520
17523
17535
17551
17557
17558
17569
17578
17593
17599
17602
17606
17608
17613
17627
17628
17638
17647
17656
17684
17688
17698
17698
17715
17717
17724
17730
17740
17748
17753
17766
17780
17798
17798
17807
17822
17827
17837
17838
17844
17846
17864
17867
17874
17878
17879
17897
17897
17906
17928
17936
17947
17948
17956
17963
17968
17974
17976
18000
18004
18016
18018
18024
18043
18047
18054
18058
18076
18077
18088
18094
18107
18108
18118
18124
18136
18144
18148
18161
18177
18178
18180
18198
18208
18216
18218
18234
18237
18239
18248
18270
18277
18288
18300
18306
18307
18318
18332
18347
18350
18358
18387
18388
18402
18418
18422
18427
18428
18446
18447
18458
18476
18477
18488
18508
18517
18517
18518
18522
18523
18535
18552
18556
18559
18567
18568
18570
18587
18596
18607
18611
18618
18622
18625
18636
18645
18652
18674
18676
18678
18679
18692
18701
18716
18727
18728
18745
18748
18770
18777
18778
18783
18790
18803
18807
18810
18826
18828
18847
18856
18862
18873
18878
18897
18903
18906
18906
18926
18927
18928
18933
18947
18950
18953
18968
18977
18980
18988
18998
19017
19032
19037
19038
19043
19062
19066
19071
19078
19088
19097
19102
19107
19108
19117
19130
19138
19138
19147
19176
19177
19178
19209
19217
19218
19228
19232
19236
19242
19252
19253
19258
19266
19267
19297
19298
19298
19300
19318
19338
19347
19348
19362
19363
19376
19378
19398
19407
19410
19412
19418
19436
19446
19457
19458
19470
19478
19486
19488
19506
19508
19510
19518
19537
19548
19551
19557
19560
19567
19586
19588
19597
19604
19617
19628
19628
19633
19636
19648
19654
19663
19672
19677
19677
19687
19688
19689
19706
19706
19728
19741
19746
19756
19770
19777
19778
19789
19807
19813
19816
19828
19837
19843
19853
19866
19884
19887
19887
19888
19900
19906
19919
19924
19928
19931
19937
19953
19966
19983
19998
20007
20007
20027
20028
20032
20061
20062
20066
20068
20070
20081
20086
20097
20113
20126
20128
20134
20145
20176
20176
20198
20208
20210
20210
20217
20228
20247
20254
20257
20257
20258
20258
20268
20281
20292
20297
20298
20304
20310
20318
20321
20336
20342
20347
20354
20357
20368
20378
20386
20392
20400
20430
20447
20468
20468
20474
20475
20486
20487
20496
20500
20527
20528
20535
20539
20540
20565
20566
20575
20578
20583
20588
20595
20597
20603
20614
20615
20618
20626
20631
20663
20666
20666
20668
20688
20717
20717
20724
20728
20747
20756
20766
20780
20801
20807
20817
20826
20828
20836
20843
20845
20856
20859
20866
20877
20878
20904
20907
20922
20926
20932
20938
20945
20946
20947
20952
20958
20962
20972
20974
20984
20987
20998
21012
21017
21024
21037
21037
21048
21066
21068
21069
21070
21075
21078
21084
21097
21097
21103
21103
21112
21114
21116
21122
21130
21136
21150
21156
21166
21188
21198
21206
21214
21222
21235
21238
21247
21252
21260
21268
21282
21286
21287
21294
21306
21308
21315
21322
21327
21328
21342
21355
21367
21368
21370
21390
21397
21406
21407
21410
21418
21428
21429
21432
21447
21447
21450
21468
21476
21486
21498
21516
21517
21526
21527
21528
21552
21556
21562
21574
21586
21588
21606
21630
21637
21638
21668
21676
21700
21717
21728
21736
21758
21760
21767
21777
21778
21797
21808
21812
21817
21828
21828
21830
21830
21831
21833
21833
21834
21837
21842
21867
21878
21883
21887
21896
21897
21917
21921
21926
21927
21937
21941
21942
21947
21948
21951
21952
21957
21958
21962
21967
21973
21974
21987
21987
21997
22004
22006
22017
22018
22022
22027
22028
22040
22047
22054
22064
22066
22067
22067
22077
22080
22088
22096
22098
22112
22123
22130
22135
22147
22147
22148
22157
22162
22165
22167
22167
22180
22188
22193
22200
22205
22212
22219
22227
22227
22227
22234
22238
22238
22247
22267
22278
22287
22317
22318
22321
22327
22327
22331
22336
22337
22343
22346
22349
22350
22357
22366
22377
22377
22378
22380
22385
22387
22387
22387
22397
22400
22407
22413
22426
22427
22433
22447
22456
22467
22468
22469
22487
22489
22490
22497
22497
22508
22512
22517
22519
22527
22528
22528
22542
22545
22559
22566
22573
22577
22577
22578
22587
22588
22591
22609
22617
22618
22619
22623
22631
22631
22637
22637
22643
22647
22650
22651
22659
22669
22678
22681
22695
22697
22697
22710
22725
22734
22737
22745
22760
22761
22767
22775
22778
22797
22803
22804
22808
22808
22813
22817
22823
22824
22828
22837
22839
22843
22858
22864
22866
22883
22888
22897
22908
22917
22921
22922
22927
22933
22934
22937
22958
22960
22961
22967
22970
22979
22980
22983
22994
22999
23010
23017
23017
23027
23027
23030
23037
23054
23057
23067
23067
23078
23087
23107
23116
23127
23131
23147
23160
23161
23167
23173
23181
23194
23197
23198
23205
23208
23208
23209
23213
23218
23220
23227
23234
23235
23235
23235
23238
23239
23247
23252
23257
23258
23261
23276
23278
23289
23297
23304
23308
23317
23336
23338
23343
23347
23367
23368
23370
23387
23392
23394
23398
23406
23414
23428
23436
23451
23457
23468
23473
23477
23479
23483
23485
23487
23490
23495
23496
23501
23507
23515
23517
23520
23528
23528
23529
23534
23537
23548
23556
23556
23566
23586
23588
23608
23610
23616
23626
23637
23648
23657
23674
23686
23692
23707
23718
23725
23725
23725
23727
23733
23739
23747
23747
23757
23771
23771
23784
23785
23787
23801
23807
23823
23837
23847
23854
23857
23862
23867
23872
23877
23887
23888
23897
23907
23911
23917
23927
23947
23957
23958
23967
23977
23984
23987
23994
23997
24036
24047
24047
24047
24078
24089
24097
24097
24097
24147
24147
24156
24164
24165
24167
24178
24182
24182
24187
24194
24197
24198
24207
24210
24218
24218
24219
24225
24227
24232
24236
24237
24238
24238
24254
24257
24258
24258
24277
24282
24284
24288
24297
24317
24318
24326
24331
24347
24358
24365
24370
24377
24388
24389
24397
24404
24410
24413
24413
24417
24418
24424
24424
24434
24435
24437
24437
24438
24439
24444
24448
24456
24457
24467
24474
24488
24492
24494
24497
24505
24508
24517
24518
24521
24526
24534
24537
24548
24552
24552
24557
24563
24571
24576
24576
24577
24578
24579
24584
24591
24597
24598
24598
24604
24627
24630
24638
24638
24654
24657
24660
24678
24678
24685
24696
24697
24705
24710
24714
24718
24736
24736
24744
24746
24748
24749
24758
24767
24773
24777
24778
24778
24793
24795
24798
24798
24813
24815
24824
24826
24827
24834
24838
24851
24855
24856
24866
24868
24873
24874
24877
24882
24898
24899
24902
24908
24909
24915
24917
24920
24928
24934
24938
24941
24946
24953
24956
24960
24961
24968
24969
24977
24978
24978
24983
24989
24995
24997
25002
25014
25017
25017
25017
25018
25018
25021
25030
25031
25037
25039
25044
25050
25064
25065
25068
25085
25086
25088
25099
25110
25118
25129
25137
25137
25138
25150
25168
25173
25178
25185
25186
25192
25193
25203
25204
25208
25215
25226
25232
25236
25238
25241
25249
25250
25254
25257
25267
25268
25268
25273
25282
25287
25297
25298
25298
25303
25310
25319
25322
25327
25330
25339
25340
25346
25346
25348
25369
25369
25374
25376
25381
25381
25382
25391
25393
25393
25393
25395
25399
25403
25404
25407
25407
25410
25422
25427
25431
25435
25438
25441
25444
25447
25458
25465
25467
25481
25487
25488
25510
25511
25517
25537
25540
25548
25548
25549
25561
25571
25574
25576
25581
25587
25588
25591
25607
25611
25612
25617
25618
25621
25621
25625
25628
25629
25634
25637
25643
25648
25649
25655
25661
25669
25675
25683
25687
25688
25705
25709
25711
25717
25718
25727
25735
25741
25741
25741
25741
25748
25763
25765
25771
25773
25777
25778
25781
25799
25799
25825
25825
25828
25835
25847
25847
25866
25871
25871
25877
25878
25883
25891
25897
25908
25911
25911
25923
25929
25929
25937
25938
25941
25943
25945
25953
25961
25968
25969
25981
25982
25982
25984
25984
25984
25986
25993
25996
26005
26008
26017
26024
26029
26036
26058
26063
26063
26066
26066
26067
26071
26075
26081
26085
26088
26091
26097
26098
26098
26105
26122
26129
26129
26135
26144
26146
26146
26148
26163
26164
26177
26191
26203
26208
26216
26228
26229
26230
26247
26254
26254
26256
26263
26268
26272
26280
26280
26285
26297
26302
26307
26308
26312
26320
26325
26332
26344
26358
26358
26366
26372
26380
26384
26396
26404
26408
26414
26416
26420
26434
26438
26444
26448
26448
26456
26461
26466
26470
26470
26472
26476
26480
26484
26488
26504
26505
26505
26505
26505
26507
26517
26518
26526
26528
26528
26529
26529
26533
26536
26548
26556
26557
26558
26564
26564
26566
26568
26568
26574
26583
26588
26596
26606
26608
26616
26620
26627
26634
26648
26652
26658
26662
26676
26679
26687
26690
26698
26702
26703
26712
26720
26727
26727
26728
26740
26754
26758
26758
26760
26767
26770
26786
26798
26807
26816
26817
26817
26833
26838
26840
26846
26854
26857
26858
26860
26862
26880
26882
26887
26888
26888
26888
26894
26900
26906
26907
26914
26918
26924
26927
26936
26950
26958
26960
26966
26977
26980
26985
26994
27008
27009
27014
27022
27027
27032
27033
27042
27048
27054
27064
27064
27064
27067
27069
27076
27078
27082
27092
27108
27116
27116
27117
27128
27140
27148
27157
27166
27166
27170
27178
27183
27191
27191
27197
27198
27202
27202
27208
27224
27224
27224
27228
27230
27233
27237
27238
27244
27255
27258
27264
27274
27286
27286
27294
27296
27308
27325
27326
27326
27328
27337
27348
27350
27352
27355
27355
27360
27363
27366
27369
27373
27377
27378
27386
27386
27387
27397
27397
27397
27404
27405
27413
27414
27418
27423
27430
27435
27446
27446
27447
27458
27468
27478
27486
27497
27500
27504
27517
27518
27522
27522
27523
27529
27533
27537
27548
27557
27560
27561
27566
27569
27578
27584
27587
27587
27591
27611
27611
27611
27616
27617
27620
27623
27627
27628
27647
27651
27655
27657
27658
27663
27667
27669
27678
27680
27689
27689
27693
27699
27707
27713
27728
27728
27735
27736
27737
27749
27757
27761
27764
27767
27778
27781
27781
27787
27790
27793
27795
27801
27802
27813
27818
27825
27826
27826
27831
27831
27837
27843
27846
27853
27861
27873
27878
27887
27896
27901
27914
27926
27939
27940
27944
27950
27965
27967
27968
27968
27970
27975
27978
27986
27986
27996
27998
28005
28009
28016
28022
28031
28034
28044
28052
28055
28058
28059
28066
28067
28072
28075
28076
28082
28090
28098
28105
28106
28108
28115
28116
28127
28128
28140
28152
28158
28158
28180
28180
28182
28190
28196
28196
28199
28203
28208
28208
28223
28231
28234
28235
28246
28248
28249
28252
28252
28266
28271
28276
28286
28296
28297
28298
28304
28314
28314
28321
28326
28329
28335
28336
28348
28350
28354
28359
28362
28372
28376
28377
28378
28386
28391
28393
28398
28402
28408
28410
28420
28427
28432
28444
28447
28454
28458
28462
28468
28469
28476
28489
28496
28496
28498
28503
28507
28514
28518
28524
28528
28536
28538
28539
28540
28550
28558
28564
28567
28574
28575
28584
28588
28592
28597
28606
28607
28622
28632
28641
28644
28654
28656
28658
28660
28665
28668
28668
28672
28676
28682
28683
28683
28686
28691
28692
28697
28698
28701
28706
28708
28712
28717
28722
28730
28735
28753
28754
28754
28756
28758
28766
28771
28776
28786
28786
28801
28806
28806
28808
28810
28816
28819
28831
28831
28833
28833
28838
28848
28851
28852
28858
28858
28866
28867
28870
28884
28885
28898
28903
28914
28918
28921
28928
28936
28939
28940
28953
28965
28966
28976
28976
28978
28983
28987
28990
28991
28999
29002
29007
29018
29018
29028
29032
29036
29039
29041
29053
29062
29065
29070
29077
29077
29078
29084
29085
29093
29096
29101
29107
29113
29117
29117
29122
29128
29132
29139
29139
29139
29139
29139
29144
29147
29147
29148
29153
29162
29163
29168
29171
29178
29181
29187
29189
29194
29202
29212
29214
29218
29225
29230
29235
29236
29243
29244
29250
29256
29257
29263
29264
29268
29269
29273
29274
29277
29280
29281
29283
29284
29285
29287
29303
29303
29303
29303
29303
29304
29307
29308
29309
29309
29309
29310
29315
29316
29319
29322
29323
29326
29327
29330
29331
29337
29340
29343
29351
29352
29357
29364
29367
29368
29376
29377
29380
29389
29398
29403
29419
29420
29439
29446
29446
29457
29462
29468
29471
29476
29483
29488
29493
29496
29498
29503
29518
29520
29524
29529
29529
29529
29529
29532
29535
29537
29541
29544
29546
29547
29554
29555
29563
29570
29575
29577
29578
29590
29597
29614
29621
29636
29636
29647
29648
29654
29668
29677
29679
29680
29697
29698
29700
29708
29717
29717
29720
29723
29728
29734
29741
29744
29744
29748
29755
29756
29757
29766
29767
29767
29767
29771
29774
29777
29778
29781
29782
29787
29792
29793
29799
29802
29803
29807
29809
29814
29817
29818
29826
29838
29841
29841
29841
29846
29848
29863
29871
29872
29874
29875
29875
29876
29878
29886
29896
29897
29901
29901
29902
29907
29912
29915
29922
29923
29934
29936
29938
29948
29949
29951
29962
29965
29978
29981
29987
29993
29998
30003
30012
30013
30024
30025
30028
30037
30043
30049
30052
30055
30057
30058
30063
30069
30072
30073
30077
30078
30081
30086
30089
30097
30107
30108
30118
30131
30132
30136
30141
30155
30160
30168
30170
30177
30181
30182
30183
30186
30207
30210
30211
30211
30218
30225
30227
30229
30229
30236
30237
30239
30239
30239
30243
30247
30248
30250
30251
30255
30258
30261
30266
30267
30271
30276
30279
30285
30288
30295
30298
30302
30313
30323
30326
30333
30346
30352
30359
30366
30369
30376
30377
30385
30386
30388
30391
30397
30398
30403
30406
30409
30413
30416
30417
30421
30435
30437
30437
30437
30437
30438
30439
30440
30441
30444
30445
30446
30446
30449
30452
30453
30457
30458
30461
30464
30466
30467
30471
30477
30483
30484
30489
30494
30498
30498
30507
30512
30517
30527
30528
30532
30536
30550
30552
30575
30584
30594
30597
30610
30617
30617
30622
30630
30631
30640
30643
30648
30648
30652
30653
30656
30661
30663
30664
30666
30683
30684
30686
30687
30693
30696
30696
30702
30705
30708
30713
30717
30720
30730
30735
30738
30746
30753
30754
30776
30776
30776
30778
30778
30782
30785
30789
30793
30794
30798
30801
30803
30816
30818
30822
30824
30827
30828
30830
30833
30833
30833
30835
30838
30840
30845
30848
30853
30866
30866
30868
30872
30877
30880
30894
30898
30898
30899
30899
30902
30907
30910
30912
30914
30919
30920
30925
30927
30928
30929
30929
30930
30934
30936
30937
30939
30940
30945
30947
30948
30952
30953
30954
30956
30960
30962
30964
30965
30984
30984
30984
30985
30985
30985
30987
30988
30990
30992
30996
30996
30997
31000
31004
31006
31010
31014
31016
31021
31024
31028
31028
31030
31034
31037
31041
31042
31053
31058
31061
31078
31086
31098
31115
31127
31133
31138
31156
31163
31165
31167
31173
31188
31195
31197
31199
31199
31207
31217
31219
31221
31225
31227
31227
31227
31228
31231
31235
31237
31237
31241
31243
31245
31249
31251
31255
31257
31257
31258
31259
31263
31265
31267
31271
31272
31287
31289
31292
31293
31295
31298
31299
31300
31301
31306
31307
31320
31321
31325
31331
31331
31334
31337
31341
31342
31347
31353
31354
31361
31368
31371
31377
31380
31381
31393
31414
31415
31427
31429
31447
31458
31458
31477
31477
31483
31486
31494
31494
31503
31504
31509
31512
31515
31518
31527
31534
31535
31539
31541
31542
31542
31545
31549
31553
31557
31558
31565
31568
31568
31572
31575
31581
31581
31582
31586
31594
31594
31606
31607
31608
31610
31619
31628
31635
31646
31649
31662
31663
31667
31676
31681
31688
31688
31693
31698
31703
31708
31711
31716
31717
31728
31735
31736
31739
31740
31742
31743
31747
31748
31761
31763
31768
31768
31771
31771
31774
31775
31782
31784
31790
31800
31801
31808
31812
31816
31823
31826
31842
31858
31860
31878
31878
31892
31907
31907
31907
31908
31915
31916
31924
31925
31929
31933
31934
31938
31939
31942
31943
31947
31948
31948
31953
31953
31956
31956
31959
31962
31964
31968
31973
31974
31982
31990
31997
31998
31998
32004
32007
32008
32016
32019
32028
32031
32036
32040
32043
32048
32051
32053
32061
32067
32075
32078
32080
32081
32084
32085
32088
